game_id,actionNumber,clock,period,teamId,teamTricode,personId,playerName,playerNameI,xLegacy,yLegacy,shotDistance,shotResult,isFieldGoal,scoreHome,scoreAway,pointsTotal,location,description,actionType,subType,videoAvailable,actionId
22201068,2,PT12M00.00S,1,0,,0,,,0,0,0,,0,0.0,0.0,0,,Start of 1st Period (8:11 PM EST),period,start,0,1
22201068,4,PT12M00.00S,1,1610612749,MIL,201572,Lopez,B. Lopez,0,0,0,,0,,,0,h,Jump Ball Lopez vs. Poeltl: Tip to Antetokounmpo,Jump Ball,,1,2
22201068,8,PT11M43.00S,1,1610612749,MIL,203114,Middleton,K. Middleton,-199,152,25,Made,1,3.0,0.0,3,h,Middleton 25' 3PT Jump Shot (3 PTS) (Holiday 1 AST),Made Shot,Jump Shot,1,3
22201068,10,PT11M19.00S,1,1610612761,TOR,1627751,Poeltl,J. Poeltl,-58,76,10,Missed,1,,,0,v,MISS Poeltl 10' Driving Hook Shot,Missed Shot,Driving Hook Shot,1,4
22201068,11,PT11M15.00S,1,1610612749,MIL,203114,Middleton,K. Middleton,0,0,0,,0,,,0,h,Middleton REBOUND (Off:0 Def:1),Rebound,Unknown,1,5
22201068,12,PT11M07.00S,1,1610612749,MIL,203114,Middleton,K. Middleton,0,0,0,,0,,,0,h,Middleton Step Out of Bounds Turnover (P1.T1),Turnover,Step Out of Bounds Turnover,1,6
22201068,13,PT10M50.00S,1,1610612761,TOR,1627751,Poeltl,J. Poeltl,-6,110,11,Missed,1,,,0,v,MISS Poeltl 11' Floating Jump Shot,Missed Shot,Floating Jump shot,1,7
22201068,14,PT10M48.00S,1,1610612749,MIL,203507,Antetokounmpo,G. Antetokounmpo,0,0,0,,0,,,0,h,Antetokounmpo REBOUND (Off:0 Def:1),Rebound,Unknown,1,8
22201068,15,PT10M41.00S,1,1610612749,MIL,201572,Lopez,B. Lopez,194,197,28,Made,1,6.0,0.0,6,h,Lopez 28' 3PT Jump Shot (3 PTS) (Middleton 1 AST),Made Shot,Jump Shot,1,9
22201068,17,PT10M30.00S,1,1610612761,TOR,1630567,Barnes,S. Barnes,172,221,28,Missed,1,,,0,v,MISS Barnes 28' 3PT Jump Shot,Missed Shot,Jump Shot,1,10
22201068,18,PT10M27.00S,1,1610612749,MIL,203114,Middleton,K. Middleton,0,0,0,,0,,,0,h,Middleton REBOUND (Off:0 Def:2),Rebound,Unknown,1,11
22201068,19,PT10M11.00S,1,1610612749,MIL,201572,Lopez,B. Lopez,-140,206,25,Missed,1,,,0,h,MISS Lopez 25' 3PT Jump Shot,Missed Shot,Jump Shot,1,12
22201068,20,PT10M08.00S,1,1610612761,TOR,1627751,Poeltl,J. Poeltl,0,0,0,,0,,,0,v,Poeltl REBOUND (Off:0 Def:1),Rebound,Unknown,1,13
22201068,21,PT10M02.00S,1,1610612761,TOR,1627783,Siakam,P. Siakam,-11,38,4,Made,1,6.0,2.0,8,v,Siakam 4' Driving Finger Roll Layup (2 PTS),Made Shot,Driving Finger Roll Layup Shot,1,14
22201068,22,PT09M50.00S,1,1610612749,MIL,203114,Middleton,K. Middleton,5,14,1,Missed,1,,,0,h,MISS Middleton 1' Driving Reverse Layup,Missed Shot,Driving Reverse Layup Shot,1,15
22201068,24,PT09M46.00S,1,1610612749,MIL,203114,Middleton,K. Middleton,0,0,0,,0,,,0,h,Middleton REBOUND (Off:1 Def:2),Rebound,Unknown,1,16
22201068,25,PT09M44.00S,1,1610612749,MIL,1628960,Allen,G. Allen,-185,203,27,Missed,1,,,0,h,MISS Allen 27' 3PT Jump Shot,Missed Shot,Jump Shot,1,17
22201068,26,PT09M42.00S,1,1610612761,TOR,1630567,Barnes,S. Barnes,0,0,0,,0,,,0,v,Barnes REBOUND (Off:0 Def:1),Rebound,Unknown,1,18
22201068,27,PT09M32.00S,1,1610612761,TOR,1630567,Barnes,S. Barnes,-47,217,22,Made,1,6.0,4.0,10,v,Barnes 22' Pullup Jump Shot (2 PTS) (VanVleet 1 AST),Made Shot,Pullup Jump shot,1,19
22201068,29,PT09M14.00S,1,1610612749,MIL,201572,Lopez,B. Lopez,-237,0,24,Missed,1,,,0,h,MISS Lopez 24' 3PT Jump Shot,Missed Shot,Jump Shot,1,20
22201068,30,PT09M11.00S,1,1610612761,TOR,1627783,Siakam,P. Siakam,0,0,0,,0,,,0,v,Siakam REBOUND (Off:0 Def:1),Rebound,Unknown,1,21
22201068,31,PT08M59.00S,1,1610612761,TOR,1627832,VanVleet,F. VanVleet,223,20,0,Missed,1,,,0,v,MISS VanVleet 3PT Jump Shot,Missed Shot,Jump Shot,1,22
22201068,32,PT08M54.00S,1,1610612749,MIL,203507,Antetokounmpo,G. Antetokounmpo,0,0,0,,0,,,0,h,Antetokounmpo REBOUND (Off:0 Def:2),Rebound,Unknown,1,23
22201068,33,PT08M43.00S,1,1610612749,MIL,203507,Antetokounmpo,G. Antetokounmpo,150,213,26,Made,1,9.0,4.0,13,h,Antetokounmpo 26' 3PT Jump Shot (3 PTS) (Holiday 2 AST),Made Shot,Jump Shot,1,24
22201068,35,PT08M21.00S,1,1610612761,TOR,1627751,Poeltl,J. Poeltl,-26,107,11,Made,1,9.0,6.0,15,v,Poeltl 11' Floating Jump Shot (2 PTS) (Barnes 1 AST),Made Shot,Floating Jump shot,1,25
22201068,37,PT08M11.00S,1,1610612749,MIL,203507,Antetokounmpo,G. Antetokounmpo,4,20,2,Made,1,11.0,6.0,17,h,Antetokounmpo 2' Cutting Dunk Shot (5 PTS) (Middleton 2 AST),Made Shot,Cutting Dunk Shot,1,26
22201068,39,PT07M59.00S,1,1610612761,TOR,1627832,VanVleet,F. VanVleet,-26,212,21,Made,1,11.0,8.0,19,v,VanVleet 21' Pullup Jump Shot (2 PTS),Made Shot,Pullup Jump shot,1,27
22201068,40,PT07M41.00S,1,1610612749,MIL,1628960,Allen,G. Allen,-148,199,25,Missed,1,,,0,h,MISS Allen 25' 3PT Jump Shot,Missed Shot,Jump Shot,1,28
22201068,41,PT07M38.00S,1,1610612761,TOR,1627783,Siakam,P. Siakam,0,0,0,,0,,,0,v,Siakam REBOUND (Off:0 Def:2),Rebound,Unknown,1,29
22201068,42,PT07M25.00S,1,1610612749,MIL,201572,Lopez,B. Lopez,0,0,0,,0,,,0,h,Lopez Violation:Kicked Ball (T.Maddox),Violation,Kicked Ball,0,30
22201068,43,PT07M25.00S,1,0,,1610612761,,,0,0,0,,0,,,0,v,Raptors Timeout: Regular (Reg.1 Short 0),Timeout,Regular,0,31
22201068,44,PT07M25.00S,1,1610612749,MIL,201572,Lopez,B. Lopez,0,0,0,,0,,,0,h,SUB: Ingles FOR Lopez,Substitution,,0,32
22201068,45,PT07M25.00S,1,1610612749,MIL,201950,Holiday,J. Holiday,0,0,0,,0,,,0,h,SUB: Portis FOR Holiday,Substitution,,0,33
22201068,48,PT07M08.00S,1,1610612761,TOR,1627783,Siakam,P. Siakam,82,274,29,Missed,1,,,0,v,MISS Siakam 29' 3PT Pullup Jump Shot,Missed Shot,Pullup Jump shot,1,34
22201068,49,PT07M05.00S,1,1610612749,MIL,203507,Antetokounmpo,G. Antetokounmpo,0,0,0,,0,,,0,h,Antetokounmpo REBOUND (Off:0 Def:3),Rebound,Unknown,1,35
22201068,50,PT06M55.00S,1,1610612749,MIL,1626171,Portis,B. Portis,16,252,25,Made,1,14.0,8.0,22,h,Portis 25' 3PT Jump Shot (3 PTS) (Antetokounmpo 1 AST),Made Shot,Jump Shot,1,36
22201068,52,PT06M42.00S,1,1610612761,TOR,1627751,Poeltl,J. Poeltl,6,27,3,Missed,1,,,0,v,MISS Poeltl 3' Reverse Layup,Missed Shot,Reverse Layup Shot,1,37
22201068,53,PT06M40.00S,1,1610612749,MIL,1626171,Portis,B. Portis,0,0,0,,0,,,0,h,Portis REBOUND (Off:0 Def:1),Rebound,Unknown,1,38
22201068,54,PT06M30.00S,1,1610612749,MIL,203114,Middleton,K. Middleton,173,206,27,Made,1,17.0,8.0,25,h,Middleton 27' 3PT Jump Shot (6 PTS) (Antetokounmpo 2 AST),Made Shot,Jump Shot,1,39
22201068,56,PT06M14.00S,1,1610612749,MIL,203114,Middleton,K. Middleton,0,0,0,,0,,,0,h,Middleton P.FOUL (P1.T1) (N.Sago),Foul,Personal,1,40
22201068,58,PT06M14.00S,1,1610612749,MIL,1628960,Allen,G. Allen,0,0,0,,0,,,0,h,SUB: Holiday FOR Allen,Substitution,,0,41
22201068,66,PT06M14.00S,1,1610612761,TOR,1627751,Poeltl,J. Poeltl,0,0,0,,0,,,0,v,SUB: Achiuwa FOR Poeltl,Substitution,,0,42
22201068,76,PT06M14.00S,1,1610612761,TOR,1628384,Anunoby,O. Anunoby,0,0,0,,0,,,0,v,SUB: Trent Jr. FOR Anunoby,Substitution,,0,43
22201068,60,PT06M05.00S,1,1610612761,TOR,1627783,Siakam,P. Siakam,-43,43,6,Missed,1,,,0,v,MISS Siakam 6' Finger Roll Layup,Missed Shot,Finger Roll Layup Shot,1,44
22201068,61,PT06M02.00S,1,1610612749,MIL,203114,Middleton,K. Middleton,0,0,0,,0,,,0,h,Middleton REBOUND (Off:1 Def:3),Rebound,Unknown,1,45
22201068,62,PT05M59.00S,1,1610612749,MIL,203507,Antetokounmpo,G. Antetokounmpo,0,0,0,,0,,,0,h,Antetokounmpo Bad Pass Turnover (P1.T2),Turnover,Bad Pass,1,46
22201068,62,PT05M59.00S,1,1610612761,TOR,1627783,Siakam,P. Siakam,0,0,0,,0,,,0,v,Siakam STEAL (1 STL),,,1,47
22201068,64,PT05M53.00S,1,1610612761,TOR,1627783,Siakam,P. Siakam,-6,34,3,Made,1,17.0,10.0,27,v,Siakam 3' Running Dunk (4 PTS) (VanVleet 2 AST),Made Shot,Running Dunk Shot,1,48
22201068,68,PT05M41.00S,1,1610612749,MIL,203507,Antetokounmpo,G. Antetokounmpo,0,0,0,,0,,,0,h,Antetokounmpo Lost Ball Turnover (P2.T3),Turnover,Lost Ball,1,49
22201068,68,PT05M41.00S,1,1610612761,TOR,1630567,Barnes,S. Barnes,0,0,0,,0,,,0,v,Barnes STEAL (1 STL),,,1,50
22201068,70,PT05M29.00S,1,1610612761,TOR,1630567,Barnes,S. Barnes,219,15,0,Made,1,17.0,13.0,30,v,Barnes 3PT Jump Shot (5 PTS) (VanVleet 3 AST),Made Shot,Jump Shot,1,51
22201068,72,PT05M20.00S,1,1610612761,TOR,1630173,Achiuwa,P. Achiuwa,0,0,0,,0,,,0,v,Achiuwa Violation:Kicked Ball (Z.Zarba),Violation,Kicked Ball,0,52
22201068,73,PT05M20.00S,1,1610612749,MIL,203507,Antetokounmpo,G. Antetokounmpo,0,0,0,,0,,,0,h,SUB: Lopez FOR Antetokounmpo,Substitution,,0,53
22201068,75,PT05M11.00S,1,1610612749,MIL,201950,Holiday,J. Holiday,-40,101,11,Made,1,19.0,13.0,32,h,Holiday 11' Pullup Jump Shot (2 PTS),Made Shot,Pullup Jump shot,1,54
22201068,78,PT04M53.00S,1,1610612761,TOR,1630173,Achiuwa,P. Achiuwa,-13,121,12,Made,1,19.0,15.0,34,v,Achiuwa 12' Floating Jump Shot (2 PTS) (VanVleet 4 AST),Made Shot,Floating Jump shot,1,55
22201068,80,PT04M38.00S,1,1610612749,MIL,203114,Middleton,K. Middleton,-48,13,5,Missed,1,,,0,h,MISS Middleton 5' Turnaround Fadeaway Shot,Missed Shot,Turnaround Fadeaway shot,1,56
22201068,81,PT04M35.00S,1,1610612761,TOR,1627783,Siakam,P. Siakam,0,0,0,,0,,,0,v,Siakam REBOUND (Off:0 Def:3),Rebound,Unknown,1,57
22201068,82,PT04M33.00S,1,1610612761,TOR,1627832,VanVleet,F. VanVleet,0,0,0,,0,,,0,v,VanVleet Out of Bounds - Bad Pass Turnover Turnover (P1.T1),Turnover,Out of Bounds - Bad Pass Turnover,1,58
22201068,83,PT04M33.00S,1,1610612749,MIL,203114,Middleton,K. Middleton,0,0,0,,0,,,0,h,SUB: Connaughton FOR Middleton,Substitution,,0,59
22201068,84,PT04M33.00S,1,1610612761,TOR,1630567,Barnes,S. Barnes,0,0,0,,0,,,0,v,SUB: Poeltl FOR Barnes,Substitution,,0,60
22201068,87,PT04M19.00S,1,1610612749,MIL,201572,Lopez,B. Lopez,45,134,14,Made,1,21.0,15.0,36,h,Lopez 14' Fadeaway Jumper (5 PTS) (Ingles 1 AST),Made Shot,Fadeaway Jump Shot,1,61
22201068,89,PT04M07.00S,1,1610612761,TOR,1629018,Trent Jr.,G. Trent Jr.,-89,267,28,Missed,1,,,0,v,MISS Trent Jr. 28' 3PT Pullup Jump Shot,Missed Shot,Pullup Jump shot,1,62
22201068,90,PT03M59.00S,1,1610612749,MIL,1626171,Portis,B. Portis,0,0,0,,0,,,0,h,Portis REBOUND (Off:0 Def:2),Rebound,Unknown,1,63
22201068,91,PT03M56.00S,1,1610612749,MIL,1626171,Portis,B. Portis,0,0,0,,0,,,0,h,Portis Lost Ball Turnover (P1.T4),Turnover,Lost Ball,1,64
22201068,91,PT03M56.00S,1,1610612761,TOR,1629018,Trent Jr.,G. Trent Jr.,0,0,0,,0,,,0,v,Trent Jr. STEAL (1 STL),,,1,65
22201068,93,PT03M50.00S,1,1610612761,TOR,1629018,Trent Jr.,G. Trent Jr.,176,215,28,Made,1,21.0,18.0,39,v,Trent Jr. 28' 3PT Running Jump Shot (3 PTS) (VanVleet 5 AST),Made Shot,Running Jump Shot,1,66
22201068,95,PT03M34.00S,1,1610612749,MIL,1626171,Portis,B. Portis,-229,6,0,Made,1,24.0,18.0,42,h,Portis 3PT Jump Shot (6 PTS) (Holiday 3 AST),Made Shot,Jump Shot,1,67
22201068,99,PT03M20.00S,1,1610612761,TOR,1627832,VanVleet,F. VanVleet,72,164,18,Made,1,24.0,20.0,44,v,VanVleet 18' Pullup Jump Shot (4 PTS),Made Shot,Pullup Jump shot,1,68
22201068,100,PT03M06.00S,1,1610612749,MIL,1626192,Connaughton,P. Connaughton,-2,15,2,Made,1,26.0,20.0,46,h,Connaughton 2' Cutting Layup Shot (2 PTS) (Holiday 4 AST),Made Shot,Cutting Layup Shot,1,69
22201068,102,PT02M47.00S,1,1610612761,TOR,1627832,VanVleet,F. VanVleet,27,96,10,Missed,1,,,0,v,MISS VanVleet 10' Driving Floating Jump Shot,Missed Shot,Driving Floating Jump Shot,1,70
22201068,102,PT02M47.00S,1,1610612749,MIL,201572,Lopez,B. Lopez,0,0,0,,0,,,0,h,Lopez BLOCK (1 BLK),,,1,71
22201068,104,PT02M43.00S,1,1610612749,MIL,204060,Ingles,J. Ingles,0,0,0,,0,,,0,h,Ingles REBOUND (Off:0 Def:1),Rebound,Unknown,1,72
22201068,105,PT02M38.00S,1,1610612749,MIL,201950,Holiday,J. Holiday,-159,14,16,Made,1,28.0,20.0,48,h,Holiday 16' Step Back Jump Shot (4 PTS) (Ingles 2 AST),Made Shot,Step Back Jump shot,1,73
22201068,107,PT02M27.00S,1,1610612761,TOR,1627751,Poeltl,J. Poeltl,38,22,4,Made,1,28.0,22.0,50,v,Poeltl 4' Turnaround Bank Hook Shot (4 PTS),Made Shot,Turnaround Bank Hook Shot,1,74
22201068,109,PT02M13.00S,1,1610612749,MIL,204060,Ingles,J. Ingles,119,226,26,Made,1,31.0,22.0,53,h,Ingles 26' 3PT Pullup Jump Shot (3 PTS),Made Shot,Pullup Jump shot,1,75
22201068,110,PT01M50.00S,1,1610612761,TOR,1627832,VanVleet,F. VanVleet,-25,33,4,Made,1,31.0,24.0,55,v,VanVleet 4' Driving Layup (6 PTS),Made Shot,Driving Layup Shot,1,76
22201068,111,PT01M42.00S,1,0,,1610612749,,,0,0,0,,0,,,0,h,BUCKS Timeout: Regular (Full 1 Short 0),Timeout,Regular,0,77
22201068,112,PT01M42.00S,1,1610612749,MIL,201950,Holiday,J. Holiday,0,0,0,,0,,,0,h,SUB: Antetokounmpo FOR Holiday,Substitution,,0,78
22201068,113,PT01M42.00S,1,1610612761,TOR,1627783,Siakam,P. Siakam,0,0,0,,0,,,0,v,SUB: Anunoby FOR Siakam,Substitution,,0,79
22201068,114,PT01M42.00S,1,1610612761,TOR,1627751,Poeltl,J. Poeltl,0,0,0,,0,,,0,v,SUB: Boucher FOR Poeltl,Substitution,,0,80
22201068,118,PT01M28.00S,1,1610612749,MIL,201572,Lopez,B. Lopez,135,72,15,Made,1,33.0,24.0,57,h,Lopez 15' Fadeaway Jumper (7 PTS) (Connaughton 1 AST),Made Shot,Fadeaway Jump Shot,1,81
22201068,119,PT01M14.00S,1,1610612761,TOR,1629018,Trent Jr.,G. Trent Jr.,-5,157,16,Made,1,33.0,26.0,59,v,Trent Jr. 16' Pullup Jump Shot (5 PTS),Made Shot,Pullup Jump shot,1,82
22201068,120,PT00M56.50S,1,1610612749,MIL,1626192,Connaughton,P. Connaughton,237,17,24,Missed,1,,,0,h,MISS Connaughton 24' 3PT Jump Shot,Missed Shot,Jump Shot,1,83
22201068,120,PT00M56.50S,1,1610612761,TOR,1628384,Anunoby,O. Anunoby,0,0,0,,0,,,0,v,Anunoby BLOCK (1 BLK),,,1,84
22201068,122,PT00M52.60S,1,1610612761,TOR,1630173,Achiuwa,P. Achiuwa,0,0,0,,0,,,0,v,Achiuwa REBOUND (Off:0 Def:1),Rebound,Unknown,1,85
22201068,123,PT00M48.40S,1,1610612749,MIL,204060,Ingles,J. Ingles,0,0,0,,0,,,0,h,Ingles S.FOUL (P1.T2) (Z.Zarba),Foul,Shooting,1,86
22201068,125,PT00M48.40S,1,1610612761,TOR,1627832,VanVleet,F. VanVleet,0,0,0,,0,33.0,27.0,60,v,VanVleet Free Throw 1 of 2 (7 PTS),Free Throw,Free Throw 1 of 2,1,87
22201068,126,PT00M48.40S,1,1610612749,MIL,201572,Lopez,B. Lopez,0,0,0,,0,,,0,h,SUB: Carter FOR Lopez,Substitution,,0,88
22201068,128,PT00M48.40S,1,1610612761,TOR,1627832,VanVleet,F. VanVleet,0,0,0,,0,,,0,v,MISS VanVleet Free Throw 2 of 2,Free Throw,Free Throw 2 of 2,1,89
22201068,129,PT00M46.30S,1,1610612749,MIL,1626171,Portis,B. Portis,0,0,0,,0,,,0,h,Portis REBOUND (Off:0 Def:3),Rebound,Unknown,1,90
22201068,130,PT00M24.30S,1,1610612749,MIL,1626171,Portis,B. Portis,-78,120,14,Missed,1,,,0,h,MISS Portis 14' Pullup Jump Shot,Missed Shot,Pullup Jump shot,1,91
22201068,131,PT00M21.60S,1,1610612761,TOR,1627832,VanVleet,F. VanVleet,0,0,0,,0,,,0,v,VanVleet REBOUND (Off:0 Def:1),Rebound,Unknown,1,92
22201068,132,PT00M03.40S,1,1610612761,TOR,1630173,Achiuwa,P. Achiuwa,-26,31,4,Made,1,33.0,29.0,62,v,Achiuwa 4' Layup (4 PTS),Made Shot,Layup Shot,1,93
22201068,133,PT00M00.00S,1,0,,0,,,0,0,0,,0,33.0,29.0,62,,End of 1st Period (8:33 PM EST),period,end,1,94
22201068,140,PT12M00.00S,2,0,,0,,,0,0,0,,0,33.0,29.0,62,,Start of 2nd Period (8:35 PM EST),period,start,0,95
22201068,141,PT11M44.00S,2,1610612761,TOR,1628384,Anunoby,O. Anunoby,-136,102,17,Made,1,33.0,31.0,64,v,Anunoby 17' Jump Shot (2 PTS) (Barton 1 AST),Made Shot,Jump Shot,1,96
22201068,143,PT11M27.00S,2,1610612749,MIL,1628960,Allen,G. Allen,-22,247,25,Missed,1,,,0,h,MISS Allen 25' 3PT Pullup Jump Shot,Missed Shot,Pullup Jump shot,1,97
22201068,144,PT11M24.00S,2,1610612761,TOR,1630173,Achiuwa,P. Achiuwa,0,0,0,,0,,,0,v,Achiuwa REBOUND (Off:0 Def:2),Rebound,Unknown,1,98
22201068,145,PT11M16.00S,2,1610612761,TOR,1629018,Trent Jr.,G. Trent Jr.,75,162,18,Missed,1,,,0,v,MISS Trent Jr. 18' Pullup Jump Shot,Missed Shot,Pullup Jump shot,1,99
22201068,146,PT11M10.00S,2,1610612761,TOR,1628449,Boucher,C. Boucher,0,0,0,,0,,,0,v,Boucher REBOUND (Off:1 Def:0),Rebound,Unknown,1,100
22201068,147,PT11M10.00S,2,1610612761,TOR,1628449,Boucher,C. Boucher,0,0,0,Missed,1,,,0,v,MISS Boucher Putback Layup,Missed Shot,Putback Layup Shot,1,101
22201068,148,PT11M09.00S,2,1610612761,TOR,1628449,Boucher,C. Boucher,0,0,0,,0,,,0,v,Boucher REBOUND (Off:2 Def:0),Rebound,Unknown,1,102
22201068,149,PT11M05.00S,2,1610612761,TOR,1629018,Trent Jr.,G. Trent Jr.,230,102,25,Made,1,33.0,34.0,67,v,Trent Jr. 25' 3PT Jump Shot (8 PTS) (Achiuwa 1 AST),Made Shot,Jump Shot,1,103
22201068,151,PT10M44.00S,2,1610612749,MIL,203114,Middleton,K. Middleton,-164,183,25,Missed,1,,,0,h,MISS Middleton 25' 3PT Pullup Jump Shot,Missed Shot,Pullup Jump shot,1,104
22201068,152,PT10M41.00S,2,1610612761,TOR,1630173,Achiuwa,P. Achiuwa,0,0,0,,0,,,0,v,Achiuwa REBOUND (Off:0 Def:3),Rebound,Unknown,1,105
22201068,153,PT10M35.00S,2,1610612761,TOR,1628384,Anunoby,O. Anunoby,-150,244,29,Made,1,33.0,37.0,70,v,Anunoby 29' 3PT Pullup Jump Shot (5 PTS) (Achiuwa 2 AST),Made Shot,Pullup Jump shot,1,106
22201068,154,PT10M22.00S,2,1610612749,MIL,1628975,Carter,J. Carter,179,215,28,Made,1,36.0,37.0,73,h,Carter 28' 3PT Jump Shot (3 PTS) (Antetokounmpo 3 AST),Made Shot,Jump Shot,1,107
22201068,156,PT10M03.00S,2,1610612761,TOR,1628384,Anunoby,O. Anunoby,94,131,16,Made,1,36.0,39.0,75,v,Anunoby 16' Step Back Jump Shot (7 PTS),Made Shot,Step Back Jump shot,1,108
22201068,157,PT09M52.00S,2,1610612749,MIL,1628975,Carter,J. Carter,184,236,30,Missed,1,,,0,h,MISS Carter 30' 3PT Jump Shot,Missed Shot,Jump Shot,1,109
22201068,158,PT09M52.00S,2,1610612761,TOR,1628384,Anunoby,O. Anunoby,0,0,0,,0,,,0,v,Anunoby REBOUND (Off:0 Def:1),Rebound,Unknown,1,110
22201068,159,PT09M50.00S,2,1610612749,MIL,203507,Antetokounmpo,G. Antetokounmpo,0,0,0,,0,,,0,h,Antetokounmpo P.FOUL (P1.T1) (N.Sago),Foul,Personal,1,111
22201068,161,PT09M39.00S,2,1610612761,TOR,1629018,Trent Jr.,G. Trent Jr.,-27,272,27,Made,1,36.0,42.0,78,v,Trent Jr. 27' 3PT Pullup Jump Shot (11 PTS),Made Shot,Pullup Jump shot,1,112
22201068,162,PT09M33.00S,2,0,,1610612749,,,0,0,0,,0,,,0,h,BUCKS Timeout: Regular (Full 2 Short 0),Timeout,Regular,0,113
22201068,165,PT09M25.00S,2,1610612749,MIL,203507,Antetokounmpo,G. Antetokounmpo,22,-2,2,Made,1,38.0,42.0,80,h,Antetokounmpo 2' Driving Finger Roll Layup (7 PTS) (Middleton 3 AST),Made Shot,Driving Finger Roll Layup Shot,1,114
22201068,168,PT09M01.00S,2,1610612761,TOR,1628384,Anunoby,O. Anunoby,25,43,5,Missed,1,,,0,v,MISS Anunoby 5' Driving Layup,Missed Shot,Driving Layup Shot,1,115
22201068,168,PT09M01.00S,2,1610612749,MIL,203114,Middleton,K. Middleton,0,0,0,,0,,,0,h,Middleton BLOCK (1 BLK),,,1,116
22201068,170,PT09M00.00S,2,1610612761,TOR,1628384,Anunoby,O. Anunoby,0,0,0,,0,,,0,v,Anunoby REBOUND (Off:1 Def:1),Rebound,Unknown,1,117
22201068,171,PT08M59.00S,2,1610612761,TOR,1628384,Anunoby,O. Anunoby,0,0,0,Made,1,38.0,44.0,82,v,Anunoby Putback Layup (9 PTS),Made Shot,Putback Layup Shot,1,118
22201068,172,PT08M41.00S,2,1610612749,MIL,203114,Middleton,K. Middleton,232,6,0,Made,1,41.0,44.0,85,h,Middleton 3PT Jump Shot (9 PTS) (Carter 1 AST),Made Shot,Jump Shot,1,119
22201068,174,PT08M18.00S,2,1610612761,TOR,203115,Barton,W. Barton,-53,275,28,Missed,1,,,0,v,MISS Barton 28' 3PT Pullup Jump Shot,Missed Shot,Pullup Jump shot,1,120
22201068,175,PT08M13.00S,2,1610612749,MIL,1628960,Allen,G. Allen,0,0,0,,0,,,0,h,Allen REBOUND (Off:0 Def:1),Rebound,Unknown,1,121
22201068,176,PT08M11.00S,2,1610612749,MIL,1628960,Allen,G. Allen,2,14,1,Made,1,43.0,44.0,87,h,Allen 1' Running Reverse Layup (2 PTS),Made Shot,Running Reverse Layup Shot,1,122
22201068,177,PT07M47.00S,2,1610612761,TOR,203115,Barton,W. Barton,25,43,5,Missed,1,,,0,v,MISS Barton 5' Driving Layup,Missed Shot,Driving Layup Shot,1,123
22201068,178,PT07M45.00S,2,1610612749,MIL,203507,Antetokounmpo,G. Antetokounmpo,0,0,0,,0,,,0,h,Antetokounmpo REBOUND (Off:0 Def:4),Rebound,Unknown,1,124
22201068,179,PT07M37.00S,2,1610612749,MIL,1628975,Carter,J. Carter,239,94,26,Made,1,46.0,44.0,90,h,Carter 26' 3PT Step Back Jump Shot (6 PTS) (Antetokounmpo 4 AST),Made Shot,Step Back Jump shot,1,125
22201068,181,PT07M27.00S,2,0,,1610612761,,,0,0,0,,0,,,0,v,Raptors Timeout: Regular (Reg.2 Short 0),Timeout,Regular,0,126
22201068,183,PT07M27.00S,2,1610612749,MIL,1626192,Connaughton,P. Connaughton,0,0,0,,0,,,0,h,SUB: Portis FOR Connaughton,Substitution,,0,127
22201068,184,PT07M27.00S,2,1610612761,TOR,1628384,Anunoby,O. Anunoby,0,0,0,,0,,,0,v,SUB: VanVleet FOR Anunoby,Substitution,,0,128
22201068,185,PT07M27.00S,2,1610612761,TOR,203115,Barton,W. Barton,0,0,0,,0,,,0,v,SUB: Siakam FOR Barton,Substitution,,0,129
22201068,189,PT07M21.00S,2,1610612749,MIL,1628960,Allen,G. Allen,0,0,0,,0,,,0,h,Allen S.FOUL (P1.T2) (N.Sago),Foul,Shooting,1,130
22201068,191,PT07M21.00S,2,1610612761,TOR,1629018,Trent Jr.,G. Trent Jr.,0,0,0,,0,,,0,v,MISS Trent Jr. Free Throw 1 of 2,Free Throw,Free Throw 1 of 2,1,131
22201068,192,PT07M21.00S,2,0,,1610612761,,,0,0,0,,0,,,0,v,Raptors Rebound,Rebound,Normal Rebound,0,132
22201068,193,PT07M21.00S,2,1610612761,TOR,1629018,Trent Jr.,G. Trent Jr.,0,0,0,,0,46.0,45.0,91,v,Trent Jr. Free Throw 2 of 2 (12 PTS),Free Throw,Free Throw 2 of 2,1,133
22201068,194,PT07M08.00S,2,1610612749,MIL,203507,Antetokounmpo,G. Antetokounmpo,-6,0,1,Made,1,48.0,45.0,93,h,Antetokounmpo 1' Driving Layup (9 PTS) (Middleton 4 AST),Made Shot,Driving Layup Shot,1,134
22201068,196,PT06M53.00S,2,1610612761,TOR,1629018,Trent Jr.,G. Trent Jr.,-200,218,30,Missed,1,,,0,v,MISS Trent Jr. 30' 3PT Step Back Jump Shot,Missed Shot,Step Back Jump shot,1,135
22201068,197,PT06M50.00S,2,1610612761,TOR,1627783,Siakam,P. Siakam,0,0,0,,0,,,0,v,Siakam REBOUND (Off:1 Def:3),Rebound,Unknown,1,136
22201068,198,PT06M44.00S,2,1610612761,TOR,1627783,Siakam,P. Siakam,-89,83,12,Made,1,48.0,47.0,95,v,Siakam 12' Driving Floating Bank Jump Shot (6 PTS),Made Shot,Driving Floating Bank Jump Shot,1,137
22201068,199,PT06M28.00S,2,1610612749,MIL,1626171,Portis,B. Portis,114,106,16,Made,1,50.0,47.0,97,h,Portis 16' Turnaround Fadeaway (8 PTS),Made Shot,Turnaround Fadeaway shot,1,138
22201068,200,PT06M15.00S,2,1610612761,TOR,1627783,Siakam,P. Siakam,-58,47,7,Missed,1,,,0,v,MISS Siakam 7' Driving Layup,Missed Shot,Driving Layup Shot,1,139
22201068,200,PT06M15.00S,2,1610612749,MIL,203507,Antetokounmpo,G. Antetokounmpo,0,0,0,,0,,,0,h,Antetokounmpo BLOCK (1 BLK),,,1,140
22201068,202,PT06M11.00S,2,1610612749,MIL,1628975,Carter,J. Carter,0,0,0,,0,,,0,h,Carter REBOUND (Off:0 Def:1),Rebound,Unknown,1,141
22201068,203,PT06M06.00S,2,1610612749,MIL,1628960,Allen,G. Allen,-239,-10,24,Missed,1,,,0,h,MISS Allen 24' 3PT Running Pull-Up Jump Shot,Missed Shot,Running Pull-Up Jump Shot,1,142
22201068,204,PT06M03.00S,2,1610612761,TOR,1629018,Trent Jr.,G. Trent Jr.,0,0,0,,0,,,0,v,Trent Jr. REBOUND (Off:0 Def:1),Rebound,Unknown,1,143
22201068,205,PT06M00.00S,2,1610612761,TOR,1628449,Boucher,C. Boucher,-6,23,2,Made,1,50.0,49.0,99,v,Boucher 2' Running Alley Oop Layup Shot (2 PTS) (Siakam 1 AST),Made Shot,Running Alley Oop Layup Shot,1,144
22201068,207,PT05M46.00S,2,1610612749,MIL,1628975,Carter,J. Carter,205,173,27,Missed,1,,,0,h,MISS Carter 27' 3PT Jump Shot,Missed Shot,Jump Shot,1,145
22201068,208,PT05M44.00S,2,1610612749,MIL,203507,Antetokounmpo,G. Antetokounmpo,0,0,0,,0,,,0,h,Antetokounmpo REBOUND (Off:1 Def:4),Rebound,Unknown,1,146
22201068,209,PT05M41.00S,2,1610612761,TOR,1630173,Achiuwa,P. Achiuwa,0,0,0,,0,,,0,v,Achiuwa S.FOUL (P1.T1) (N.Sago),Foul,Shooting,1,147
22201068,284,PT05M41.00S,2,1610612749,MIL,203507,Antetokounmpo,G. Antetokounmpo,0,0,0,,0,,,0,h,MISS Antetokounmpo Free Throw 1 of 2,Free Throw,Free Throw 1 of 2,1,148
22201068,285,PT05M41.00S,2,0,,1610612749,,,0,0,0,,0,,,0,h,BUCKS Rebound,Rebound,Normal Rebound,0,149
22201068,286,PT05M41.00S,2,1610612749,MIL,203114,Middleton,K. Middleton,0,0,0,,0,,,0,h,Middleton Lane Violation Turnover (P2.T5),Turnover,Lane Violation,0,150
22201068,213,PT05M41.00S,2,1610612749,MIL,1628975,Carter,J. Carter,0,0,0,,0,,,0,h,SUB: Lopez FOR Carter,Substitution,,0,151
22201068,214,PT05M41.00S,2,1610612749,MIL,1626171,Portis,B. Portis,0,0,0,,0,,,0,h,SUB: Holiday FOR Portis,Substitution,,0,152
22201068,215,PT05M41.00S,2,1610612761,TOR,1630173,Achiuwa,P. Achiuwa,0,0,0,,0,,,0,v,SUB: Barnes FOR Achiuwa,Substitution,,0,153
22201068,216,PT05M41.00S,2,1610612761,TOR,1629018,Trent Jr.,G. Trent Jr.,0,0,0,,0,,,0,v,SUB: Poeltl FOR Trent Jr.,Substitution,,0,154
22201068,222,PT05M26.00S,2,1610612761,TOR,1627751,Poeltl,J. Poeltl,-32,113,12,Made,1,50.0,51.0,101,v,Poeltl 12' Driving Floating Jump Shot (6 PTS),Made Shot,Driving Floating Jump Shot,1,155
22201068,223,PT05M11.00S,2,1610612749,MIL,1628960,Allen,G. Allen,-135,205,25,Missed,1,,,0,h,MISS Allen 25' 3PT Jump Shot,Missed Shot,Jump Shot,1,156
22201068,224,PT05M08.00S,2,1610612761,TOR,1627751,Poeltl,J. Poeltl,0,0,0,,0,,,0,v,Poeltl REBOUND (Off:0 Def:2),Rebound,Unknown,1,157
22201068,225,PT05M05.00S,2,1610612761,TOR,1628449,Boucher,C. Boucher,224,7,0,Missed,1,,,0,v,MISS Boucher 3PT Running Jump Shot,Missed Shot,Running Jump Shot,1,158
22201068,226,PT05M01.00S,2,1610612749,MIL,201572,Lopez,B. Lopez,0,0,0,,0,,,0,h,Lopez REBOUND (Off:0 Def:1),Rebound,Unknown,1,159
22201068,227,PT04M57.00S,2,1610612761,TOR,1627751,Poeltl,J. Poeltl,0,0,0,,0,,,0,v,Poeltl S.FOUL (P1.T2) (Z.Zarba),Foul,Shooting,1,160
22201068,229,PT04M57.00S,2,1610612749,MIL,203507,Antetokounmpo,G. Antetokounmpo,0,0,0,,0,,,0,h,MISS Antetokounmpo Free Throw 1 of 2,Free Throw,Free Throw 1 of 2,1,161
22201068,230,PT04M57.00S,2,0,,1610612749,,,0,0,0,,0,,,0,h,BUCKS Rebound,Rebound,Normal Rebound,0,162
22201068,231,PT04M57.00S,2,1610612749,MIL,1628960,Allen,G. Allen,0,0,0,,0,,,0,h,SUB: Ingles FOR Allen,Substitution,,0,163
22201068,232,PT04M57.00S,2,1610612749,MIL,203114,Middleton,K. Middleton,0,0,0,,0,,,0,h,SUB: Connaughton FOR Middleton,Substitution,,0,164
22201068,235,PT04M57.00S,2,1610612761,TOR,1628449,Boucher,C. Boucher,0,0,0,,0,,,0,v,SUB: Anunoby FOR Boucher,Substitution,,0,165
22201068,237,PT04M57.00S,2,1610612749,MIL,203507,Antetokounmpo,G. Antetokounmpo,0,0,0,,0,51.0,51.0,102,h,Antetokounmpo Free Throw 2 of 2 (10 PTS),Free Throw,Free Throw 2 of 2,1,166
22201068,238,PT04M38.00S,2,1610612761,TOR,1627832,VanVleet,F. VanVleet,-55,39,7,Missed,1,,,0,v,MISS VanVleet 7' Driving Layup,Missed Shot,Driving Layup Shot,1,167
22201068,239,PT04M35.00S,2,1610612749,MIL,203507,Antetokounmpo,G. Antetokounmpo,0,0,0,,0,,,0,h,Antetokounmpo REBOUND (Off:1 Def:5),Rebound,Unknown,1,168
22201068,240,PT04M33.00S,2,1610612749,MIL,203507,Antetokounmpo,G. Antetokounmpo,1,-5,1,Made,1,53.0,51.0,104,h,Antetokounmpo 1' Running Dunk (12 PTS) (Holiday 5 AST),Made Shot,Running Dunk Shot,1,169
22201068,242,PT04M18.00S,2,1610612761,TOR,1627832,VanVleet,F. VanVleet,21,25,3,Made,1,53.0,53.0,106,v,VanVleet 3' Driving Layup (9 PTS),Made Shot,Driving Layup Shot,1,170
22201068,243,PT04M02.00S,2,1610612749,MIL,201950,Holiday,J. Holiday,-134,209,25,Missed,1,,,0,h,MISS Holiday 25' 3PT Jump Shot,Missed Shot,Jump Shot,1,171
22201068,244,PT03M59.00S,2,1610612749,MIL,1626192,Connaughton,P. Connaughton,0,0,0,,0,,,0,h,Connaughton REBOUND (Off:1 Def:0),Rebound,Unknown,1,172
22201068,245,PT03M58.00S,2,1610612749,MIL,204060,Ingles,J. Ingles,105,255,28,Missed,1,,,0,h,MISS Ingles 28' 3PT Jump Shot,Missed Shot,Jump Shot,1,173
22201068,246,PT03M54.00S,2,1610612761,TOR,1627751,Poeltl,J. Poeltl,0,0,0,,0,,,0,v,Poeltl REBOUND (Off:0 Def:3),Rebound,Unknown,1,174
22201068,247,PT03M45.00S,2,1610612761,TOR,1627783,Siakam,P. Siakam,165,231,28,Made,1,53.0,56.0,109,v,Siakam 28' 3PT Jump Shot (9 PTS) (Anunoby 1 AST),Made Shot,Jump Shot,1,175
22201068,249,PT03M27.00S,2,1610612749,MIL,201950,Holiday,J. Holiday,-23,6,2,Missed,1,,,0,h,MISS Holiday 2' Driving Layup,Missed Shot,Driving Layup Shot,1,176
22201068,249,PT03M27.00S,2,1610612761,TOR,1627751,Poeltl,J. Poeltl,0,0,0,,0,,,0,v,Poeltl BLOCK (1 BLK),,,1,177
22201068,251,PT03M24.00S,2,1610612761,TOR,1627783,Siakam,P. Siakam,0,0,0,,0,,,0,v,Siakam REBOUND (Off:1 Def:4),Rebound,Unknown,1,178
22201068,252,PT03M20.00S,2,1610612761,TOR,1627783,Siakam,P. Siakam,-39,262,26,Missed,1,,,0,v,MISS Siakam 26' 3PT Running Pull-Up Jump Shot,Missed Shot,Running Pull-Up Jump Shot,1,179
22201068,253,PT03M17.00S,2,1610612749,MIL,204060,Ingles,J. Ingles,0,0,0,,0,,,0,h,Ingles REBOUND (Off:0 Def:2),Rebound,Unknown,1,180
22201068,254,PT03M07.00S,2,1610612749,MIL,1626192,Connaughton,P. Connaughton,-6,-6,1,Made,1,55.0,56.0,111,h,Connaughton 1' Cutting Layup Shot (4 PTS) (Holiday 6 AST),Made Shot,Cutting Layup Shot,1,181
22201068,256,PT03M07.00S,2,1610612761,TOR,1628384,Anunoby,O. Anunoby,0,0,0,,0,,,0,v,Anunoby S.FOUL (P1.T3) (T.Maddox),Foul,Shooting,1,182
22201068,258,PT03M07.00S,2,1610612749,MIL,203507,Antetokounmpo,G. Antetokounmpo,0,0,0,,0,,,0,h,SUB: Portis FOR Antetokounmpo,Substitution,,0,183
22201068,260,PT03M07.00S,2,1610612749,MIL,1626192,Connaughton,P. Connaughton,0,0,0,,0,56.0,56.0,112,h,Connaughton Free Throw 1 of 1 (5 PTS),Free Throw,Free Throw 1 of 1,1,184
22201068,261,PT03M03.00S,2,0,,1610612761,,,0,0,0,,0,,,0,v,Raptors Timeout: Regular (Reg.3 Short 0),Timeout,Regular,0,185
22201068,262,PT02M49.00S,2,1610612761,TOR,1627783,Siakam,P. Siakam,71,274,28,Missed,1,,,0,v,MISS Siakam 28' 3PT Step Back Jump Shot,Missed Shot,Step Back Jump shot,1,186
22201068,263,PT02M45.00S,2,1610612749,MIL,1626171,Portis,B. Portis,0,0,0,,0,,,0,h,Portis REBOUND (Off:0 Def:4),Rebound,Unknown,1,187
22201068,264,PT02M34.00S,2,1610612749,MIL,1626171,Portis,B. Portis,163,214,27,Missed,1,,,0,h,MISS Portis 27' 3PT Jump Shot,Missed Shot,Jump Shot,1,188
22201068,265,PT02M31.00S,2,1610612761,TOR,1627783,Siakam,P. Siakam,0,0,0,,0,,,0,v,Siakam REBOUND (Off:1 Def:5),Rebound,Unknown,1,189
22201068,266,PT02M13.00S,2,1610612761,TOR,1627751,Poeltl,J. Poeltl,-27,127,13,Missed,1,,,0,v,MISS Poeltl 13' Turnaround Hook Shot,Missed Shot,Turnaround Hook Shot,1,190
22201068,267,PT02M11.00S,2,0,,1610612749,,,0,0,0,,0,,,0,h,BUCKS Rebound,Rebound,Unknown,0,191
22201068,269,PT01M58.00S,2,1610612749,MIL,204060,Ingles,J. Ingles,142,232,27,Missed,1,,,0,h,MISS Ingles 27' 3PT Pullup Jump Shot,Missed Shot,Pullup Jump shot,1,192
22201068,270,PT01M52.00S,2,1610612749,MIL,1626171,Portis,B. Portis,0,0,0,,0,,,0,h,Portis REBOUND (Off:1 Def:4),Rebound,Unknown,1,193
22201068,271,PT01M52.00S,2,1610612749,MIL,1626171,Portis,B. Portis,0,0,0,Missed,1,,,0,h,MISS Portis Tip Layup Shot,Missed Shot,Tip Layup Shot,1,194
22201068,272,PT01M52.00S,2,1610612761,TOR,1627832,VanVleet,F. VanVleet,0,0,0,,0,,,0,v,VanVleet REBOUND (Off:0 Def:2),Rebound,Unknown,1,195
22201068,273,PT01M40.00S,2,1610612761,TOR,1627783,Siakam,P. Siakam,32,54,6,Missed,1,,,0,v,MISS Siakam 6' Driving Finger Roll Layup,Missed Shot,Driving Finger Roll Layup Shot,1,196
22201068,274,PT01M37.00S,2,1610612749,MIL,204060,Ingles,J. Ingles,0,0,0,,0,,,0,h,Ingles REBOUND (Off:0 Def:3),Rebound,Unknown,1,197
22201068,275,PT01M27.00S,2,1610612749,MIL,1626171,Portis,B. Portis,-1,11,1,Made,1,58.0,56.0,114,h,Portis 1' Layup (10 PTS) (Ingles 3 AST),Made Shot,Layup Shot,1,198
22201068,277,PT01M10.00S,2,1610612761,TOR,1627832,VanVleet,F. VanVleet,-110,264,29,Missed,1,,,0,v,MISS VanVleet 29' 3PT Pullup Jump Shot,Missed Shot,Pullup Jump shot,1,199
22201068,278,PT01M07.00S,2,1610612749,MIL,1626171,Portis,B. Portis,0,0,0,,0,,,0,h,Portis REBOUND (Off:1 Def:5),Rebound,Unknown,1,200
22201068,279,PT00M56.80S,2,1610612749,MIL,201950,Holiday,J. Holiday,49,37,6,Missed,1,,,0,h,MISS Holiday 6' Driving Layup,Missed Shot,Driving Layup Shot,1,201
22201068,279,PT00M56.80S,2,1610612761,TOR,1627751,Poeltl,J. Poeltl,0,0,0,,0,,,0,v,Poeltl BLOCK (2 BLK),,,1,202
22201068,281,PT00M54.00S,2,1610612761,TOR,1627783,Siakam,P. Siakam,0,0,0,,0,,,0,v,Siakam REBOUND (Off:1 Def:6),Rebound,Unknown,1,203
22201068,282,PT00M49.10S,2,1610612761,TOR,1627783,Siakam,P. Siakam,72,263,27,Missed,1,,,0,v,MISS Siakam 27' 3PT Jump Shot,Missed Shot,Jump Shot,1,204
22201068,283,PT00M45.80S,2,1610612749,MIL,1626192,Connaughton,P. Connaughton,0,0,0,,0,,,0,h,Connaughton REBOUND (Off:1 Def:1),Rebound,Unknown,1,205
22201068,287,PT00M29.20S,2,1610612749,MIL,1626171,Portis,B. Portis,6,99,10,Missed,1,,,0,h,MISS Portis 10' Turnaround Jump Shot,Missed Shot,Turnaround Jump Shot,1,206
22201068,288,PT00M25.30S,2,1610612761,TOR,1630567,Barnes,S. Barnes,0,0,0,,0,,,0,v,Barnes REBOUND (Off:0 Def:2),Rebound,Unknown,1,207
22201068,289,PT00M07.40S,2,1610612761,TOR,1627751,Poeltl,J. Poeltl,23,42,5,Missed,1,,,0,v,MISS Poeltl 5' Cutting Layup Shot,Missed Shot,Cutting Layup Shot,1,208
22201068,290,PT00M04.60S,2,1610612749,MIL,204060,Ingles,J. Ingles,0,0,0,,0,,,0,h,Ingles REBOUND (Off:0 Def:4),Rebound,Unknown,1,209
22201068,291,PT00M03.40S,2,1610612761,TOR,1627832,VanVleet,F. VanVleet,0,0,0,,0,,,0,v,VanVleet P.FOUL (P1.T4) (T.Maddox),Foul,Personal,1,210
22201068,293,PT00M03.40S,2,1610612749,MIL,201572,Lopez,B. Lopez,0,0,0,,0,,,0,h,SUB: Antetokounmpo FOR Lopez,Substitution,,0,211
22201068,294,PT00M03.40S,2,1610612749,MIL,1626192,Connaughton,P. Connaughton,0,0,0,,0,,,0,h,SUB: Middleton FOR Connaughton,Substitution,,0,212
22201068,295,PT00M03.40S,2,1610612761,TOR,1630567,Barnes,S. Barnes,0,0,0,,0,,,0,v,SUB: Trent Jr. FOR Barnes,Substitution,,0,213
22201068,299,PT00M00.30S,2,1610612749,MIL,1626171,Portis,B. Portis,50,247,25,Missed,1,,,0,h,MISS Portis 25' 3PT Jump Shot,Missed Shot,Jump Shot,1,214
22201068,300,PT00M00.10S,2,0,,1610612749,,,0,0,0,,0,,,0,h,BUCKS Rebound,Rebound,Unknown,1,215
22201068,301,PT00M00.00S,2,0,,0,,,0,0,0,,0,58.0,56.0,114,,End of 2nd Period (9:01 PM EST),period,end,1,216
22201068,306,PT12M00.00S,3,0,,0,,,0,0,0,,0,58.0,56.0,114,,Start of 3rd Period (9:16 PM EST),period,start,0,217
22201068,307,PT11M47.00S,3,1610612761,TOR,1627832,VanVleet,F. VanVleet,-108,226,25,Missed,1,,,0,v,MISS VanVleet 25' 3PT Pullup Jump Shot,Missed Shot,Pullup Jump shot,0,218
22201068,308,PT11M43.00S,3,1610612749,MIL,203507,Antetokounmpo,G. Antetokounmpo,0,0,0,,0,,,0,h,Antetokounmpo REBOUND (Off:1 Def:6),Rebound,Unknown,0,219
22201068,309,PT11M37.00S,3,1610612749,MIL,203507,Antetokounmpo,G. Antetokounmpo,2,28,3,Made,1,60.0,56.0,116,h,Antetokounmpo 3' Running Finger Roll Layup (14 PTS),Made Shot,Running Finger Roll Layup Shot,1,220
22201068,310,PT11M25.00S,3,1610612761,TOR,1629018,Trent Jr.,G. Trent Jr.,-59,156,17,Missed,1,,,0,v,MISS Trent Jr. 17' Pullup Jump Shot,Missed Shot,Pullup Jump shot,1,221
22201068,311,PT11M22.00S,3,1610612749,MIL,203507,Antetokounmpo,G. Antetokounmpo,0,0,0,,0,,,0,h,Antetokounmpo REBOUND (Off:1 Def:7),Rebound,Unknown,1,222
22201068,313,PT11M18.00S,3,1610612749,MIL,203114,Middleton,K. Middleton,0,0,0,,0,,,0,h,Middleton Step Out of Bounds Turnover (P3.T6),Turnover,Step Out of Bounds Turnover,1,223
22201068,314,PT10M57.00S,3,1610612761,TOR,1627783,Siakam,P. Siakam,12,92,9,Missed,1,,,0,v,MISS Siakam 9' Turnaround Jump Shot,Missed Shot,Turnaround Jump Shot,1,224
22201068,315,PT10M54.00S,3,1610612749,MIL,203507,Antetokounmpo,G. Antetokounmpo,0,0,0,,0,,,0,h,Antetokounmpo REBOUND (Off:1 Def:8),Rebound,Unknown,1,225
22201068,316,PT10M40.00S,3,1610612749,MIL,203507,Antetokounmpo,G. Antetokounmpo,-40,201,20,Made,1,62.0,56.0,118,h,Antetokounmpo 20' Pullup Jump Shot (16 PTS),Made Shot,Pullup Jump shot,1,226
22201068,317,PT10M27.00S,3,1610612761,TOR,1628384,Anunoby,O. Anunoby,-211,118,24,Made,1,62.0,59.0,121,v,Anunoby 24' 3PT Jump Shot (12 PTS) (VanVleet 6 AST),Made Shot,Jump Shot,1,227
22201068,319,PT10M09.00S,3,1610612749,MIL,1628960,Allen,G. Allen,-165,247,30,Missed,1,,,0,h,MISS Allen 30' 3PT Jump Shot,Missed Shot,Jump Shot,1,228
22201068,320,PT10M07.00S,3,1610612749,MIL,203114,Middleton,K. Middleton,0,0,0,,0,,,0,h,Middleton REBOUND (Off:2 Def:3),Rebound,Unknown,1,229
22201068,321,PT10M02.00S,3,1610612749,MIL,201572,Lopez,B. Lopez,-20,149,15,Missed,1,,,0,h,MISS Lopez 15' Jump Shot,Missed Shot,Jump Shot,1,230
22201068,322,PT09M58.00S,3,1610612761,TOR,1628384,Anunoby,O. Anunoby,0,0,0,,0,,,0,v,Anunoby REBOUND (Off:1 Def:2),Rebound,Unknown,1,231
22201068,323,PT09M55.00S,3,1610612761,TOR,1627832,VanVleet,F. VanVleet,-1,1,0,Made,1,62.0,61.0,123,v,VanVleet Running Finger Roll Layup (11 PTS),Made Shot,Running Finger Roll Layup Shot,1,232
22201068,324,PT09M55.00S,3,1610612749,MIL,201572,Lopez,B. Lopez,0,0,0,,0,,,0,h,Lopez S.FOUL (P1.T1) (T.Maddox),Foul,Shooting,1,233
22201068,326,PT09M55.00S,3,1610612761,TOR,1627832,VanVleet,F. VanVleet,0,0,0,,0,62.0,62.0,124,v,VanVleet Free Throw 1 of 1 (12 PTS),Free Throw,Free Throw 1 of 1,0,234
22201068,327,PT09M41.00S,3,1610612749,MIL,203114,Middleton,K. Middleton,-152,249,29,Missed,1,,,0,h,MISS Middleton 29' 3PT Jump Shot,Missed Shot,Jump Shot,1,235
22201068,328,PT09M38.00S,3,1610612761,TOR,1629018,Trent Jr.,G. Trent Jr.,0,0,0,,0,,,0,v,Trent Jr. REBOUND (Off:0 Def:2),Rebound,Unknown,1,236
22201068,329,PT09M34.00S,3,1610612761,TOR,1628384,Anunoby,O. Anunoby,-6,4,1,Made,1,62.0,64.0,126,v,Anunoby 1' Running Dunk (14 PTS) (VanVleet 7 AST),Made Shot,Running Dunk Shot,1,237
22201068,331,PT09M12.00S,3,1610612749,MIL,203114,Middleton,K. Middleton,-158,226,28,Made,1,65.0,64.0,129,h,Middleton 28' 3PT Jump Shot (12 PTS) (Lopez 1 AST),Made Shot,Jump Shot,1,238
22201068,333,PT09M00.00S,3,1610612761,TOR,1629018,Trent Jr.,G. Trent Jr.,-45,43,6,Missed,1,,,0,v,MISS Trent Jr. 6' Cutting Layup Shot,Missed Shot,Cutting Layup Shot,1,239
22201068,334,PT08M58.00S,3,1610612761,TOR,1627751,Poeltl,J. Poeltl,0,0,0,,0,,,0,v,Poeltl REBOUND (Off:1 Def:3),Rebound,Unknown,1,240
22201068,335,PT08M58.00S,3,1610612761,TOR,1627751,Poeltl,J. Poeltl,0,0,0,Made,1,65.0,66.0,131,v,Poeltl Tip Layup Shot (8 PTS),Made Shot,Tip Layup Shot,1,241
22201068,336,PT08M50.00S,3,1610612749,MIL,203114,Middleton,K. Middleton,0,0,0,,0,,,0,h,Middleton Step Out of Bounds Turnover (P4.T7),Turnover,Step Out of Bounds Turnover,1,242
22201068,337,PT08M32.00S,3,1610612749,MIL,203114,Middleton,K. Middleton,0,0,0,,0,,,0,h,Middleton S.FOUL (P2.T2) (Z.Zarba),Foul,Shooting,1,243
22201068,339,PT08M32.00S,3,1610612761,TOR,1627783,Siakam,P. Siakam,0,0,0,,0,65.0,67.0,132,v,Siakam Free Throw 1 of 2 (10 PTS),Free Throw,Free Throw 1 of 2,1,244
22201068,340,PT08M32.00S,3,1610612761,TOR,1627783,Siakam,P. Siakam,0,0,0,,0,65.0,68.0,133,v,Siakam Free Throw 2 of 2 (11 PTS),Free Throw,Free Throw 2 of 2,1,245
22201068,341,PT08M12.00S,3,1610612749,MIL,201572,Lopez,B. Lopez,9,25,3,Made,1,67.0,68.0,135,h,Lopez 3' Cutting Dunk Shot (9 PTS) (Holiday 7 AST),Made Shot,Cutting Dunk Shot,1,246
22201068,343,PT07M49.00S,3,1610612761,TOR,1627751,Poeltl,J. Poeltl,-5,-6,1,Made,1,67.0,70.0,137,v,Poeltl 1' Cutting Layup Shot (10 PTS) (VanVleet 8 AST),Made Shot,Cutting Layup Shot,1,247
22201068,345,PT07M30.00S,3,1610612749,MIL,201950,Holiday,J. Holiday,0,0,0,,0,,,0,h,Holiday Bad Pass Turnover (P1.T8),Turnover,Bad Pass,1,248
22201068,345,PT07M30.00S,3,1610612761,TOR,1628384,Anunoby,O. Anunoby,0,0,0,,0,,,0,v,Anunoby STEAL (1 STL),,,1,249
22201068,347,PT07M22.00S,3,1610612761,TOR,1629018,Trent Jr.,G. Trent Jr.,-140,198,24,Made,1,67.0,73.0,140,v,Trent Jr. 24' 3PT Jump Shot (15 PTS) (Siakam 2 AST),Made Shot,Jump Shot,1,250
22201068,349,PT07M15.00S,3,0,,1610612749,,,0,0,0,,0,,,0,h,BUCKS Timeout: Regular (Full 3 Short 0),Timeout,Regular,0,251
22201068,350,PT07M15.00S,3,1610612749,MIL,201572,Lopez,B. Lopez,0,0,0,,0,,,0,h,SUB: Ingles FOR Lopez,Substitution,,0,252
22201068,351,PT07M15.00S,3,1610612749,MIL,1628960,Allen,G. Allen,0,0,0,,0,,,0,h,SUB: Portis FOR Allen,Substitution,,0,253
22201068,354,PT07M06.00S,3,1610612749,MIL,201950,Holiday,J. Holiday,0,0,0,,0,,,0,h,Holiday Bad Pass Turnover (P2.T9),Turnover,Bad Pass,1,254
22201068,354,PT07M06.00S,3,1610612761,TOR,1627783,Siakam,P. Siakam,0,0,0,,0,,,0,v,Siakam STEAL (2 STL),,,1,255
22201068,356,PT07M03.00S,3,1610612761,TOR,1628384,Anunoby,O. Anunoby,1,10,1,Missed,1,,,0,v,MISS Anunoby 1' Running Dunk,Missed Shot,Running Dunk Shot,1,256
22201068,356,PT07M03.00S,3,1610612749,MIL,201950,Holiday,J. Holiday,0,0,0,,0,,,0,h,Holiday BLOCK (1 BLK),,,1,257
22201068,358,PT06M59.00S,3,1610612749,MIL,204060,Ingles,J. Ingles,0,0,0,,0,,,0,h,Ingles REBOUND (Off:0 Def:5),Rebound,Unknown,1,258
22201068,359,PT06M55.00S,3,1610612749,MIL,203114,Middleton,K. Middleton,-233,132,27,Made,1,70.0,73.0,143,h,Middleton 27' 3PT Jump Shot (15 PTS) (Antetokounmpo 5 AST),Made Shot,Jump Shot,1,259
22201068,361,PT06M36.00S,3,1610612761,TOR,1629018,Trent Jr.,G. Trent Jr.,108,252,27,Missed,1,,,0,v,MISS Trent Jr. 27' 3PT Pullup Jump Shot,Missed Shot,Pullup Jump shot,1,260
22201068,362,PT06M35.00S,3,1610612749,MIL,203507,Antetokounmpo,G. Antetokounmpo,0,0,0,,0,,,0,h,Antetokounmpo REBOUND (Off:1 Def:9),Rebound,Unknown,1,261
22201068,363,PT06M28.00S,3,1610612749,MIL,1626171,Portis,B. Portis,199,13,20,Made,1,72.0,73.0,145,h,Portis 20' Jump Shot (12 PTS) (Antetokounmpo 6 AST),Made Shot,Jump Shot,1,262
22201068,365,PT06M01.00S,3,1610612761,TOR,1627751,Poeltl,J. Poeltl,7,14,2,Made,1,72.0,75.0,147,v,Poeltl 2' Alley Oop Layup (12 PTS) (VanVleet 9 AST),Made Shot,Alley Oop Layup shot,1,263
22201068,367,PT05M46.00S,3,1610612749,MIL,204060,Ingles,J. Ingles,-238,0,24,Made,1,75.0,75.0,150,h,Ingles 24' 3PT Jump Shot (6 PTS) (Portis 1 AST),Made Shot,Jump Shot,1,264
22201068,369,PT05M30.00S,3,1610612761,TOR,1628384,Anunoby,O. Anunoby,156,59,17,Missed,1,,,0,v,MISS Anunoby 17' Pullup Jump Shot,Missed Shot,Pullup Jump shot,0,265
22201068,370,PT05M27.00S,3,1610612749,MIL,203114,Middleton,K. Middleton,0,0,0,,0,,,0,h,Middleton REBOUND (Off:2 Def:4),Rebound,Unknown,0,266
22201068,371,PT05M26.00S,3,1610612761,TOR,1627832,VanVleet,F. VanVleet,0,0,0,,0,,,0,v,VanVleet S.FOUL (P2.T1) (N.Sago),Foul,Shooting,0,267
22201068,373,PT05M26.00S,3,1610612749,MIL,203507,Antetokounmpo,G. Antetokounmpo,0,0,0,,0,,,0,h,MISS Antetokounmpo Free Throw 1 of 2,Free Throw,Free Throw 1 of 2,1,268
22201068,374,PT05M26.00S,3,0,,1610612749,,,0,0,0,,0,,,0,h,BUCKS Rebound,Rebound,Normal Rebound,0,269
22201068,375,PT05M26.00S,3,1610612761,TOR,1627751,Poeltl,J. Poeltl,0,0,0,,0,,,0,v,SUB: Achiuwa FOR Poeltl,Substitution,,0,270
22201068,377,PT05M26.00S,3,1610612749,MIL,203507,Antetokounmpo,G. Antetokounmpo,0,0,0,,0,76.0,75.0,151,h,Antetokounmpo Free Throw 2 of 2 (17 PTS),Free Throw,Free Throw 2 of 2,1,271
22201068,378,PT05M07.00S,3,1610612761,TOR,1627783,Siakam,P. Siakam,20,48,5,Made,1,76.0,77.0,153,v,Siakam 5' Driving Hook Shot (13 PTS),Made Shot,Driving Hook Shot,1,272
22201068,379,PT04M56.00S,3,1610612749,MIL,203114,Middleton,K. Middleton,80,259,27,Missed,1,,,0,h,MISS Middleton 27' 3PT Pullup Jump Shot,Missed Shot,Pullup Jump shot,1,273
22201068,380,PT04M53.00S,3,1610612761,TOR,1627832,VanVleet,F. VanVleet,0,0,0,,0,,,0,v,VanVleet REBOUND (Off:0 Def:3),Rebound,Unknown,1,274
22201068,381,PT04M49.00S,3,1610612761,TOR,1628384,Anunoby,O. Anunoby,235,57,24,Made,1,76.0,80.0,156,v,Anunoby 24' 3PT Jump Shot (17 PTS) (Siakam 3 AST),Made Shot,Jump Shot,1,275
22201068,383,PT04M33.00S,3,1610612749,MIL,201950,Holiday,J. Holiday,31,62,7,Missed,1,,,0,h,MISS Holiday 7' Driving Layup,Missed Shot,Driving Layup Shot,1,276
22201068,383,PT04M33.00S,3,1610612761,TOR,1630173,Achiuwa,P. Achiuwa,0,0,0,,0,,,0,v,Achiuwa BLOCK (1 BLK),,,1,277
22201068,385,PT04M29.00S,3,1610612761,TOR,1627783,Siakam,P. Siakam,0,0,0,,0,,,0,v,Siakam REBOUND (Off:1 Def:7),Rebound,Unknown,1,278
22201068,386,PT04M26.00S,3,1610612761,TOR,1629018,Trent Jr.,G. Trent Jr.,227,115,25,Made,1,76.0,83.0,159,v,Trent Jr. 25' 3PT Running Jump Shot (18 PTS) (VanVleet 10 AST),Made Shot,Running Jump Shot,1,279
22201068,388,PT04M26.00S,3,0,,1610612749,,,0,0,0,,0,,,0,h,BUCKS Timeout: Regular (Full 4 Short 0),Timeout,Regular,0,280
22201068,389,PT04M26.00S,3,1610612749,MIL,203114,Middleton,K. Middleton,0,0,0,,0,,,0,h,SUB: Connaughton FOR Middleton,Substitution,,0,281
22201068,391,PT04M04.00S,3,1610612749,MIL,201950,Holiday,J. Holiday,228,21,0,Made,1,79.0,83.0,162,h,Holiday 3PT Jump Shot (7 PTS) (Ingles 4 AST),Made Shot,Jump Shot,1,282
22201068,393,PT03M43.00S,3,1610612761,TOR,1630173,Achiuwa,P. Achiuwa,-230,-16,0,Missed,1,,,0,v,MISS Achiuwa 3PT Jump Shot,Missed Shot,Jump Shot,1,283
22201068,394,PT03M40.00S,3,1610612761,TOR,1630173,Achiuwa,P. Achiuwa,0,0,0,,0,,,0,v,Achiuwa REBOUND (Off:1 Def:3),Rebound,Unknown,1,284
22201068,395,PT03M34.00S,3,1610612761,TOR,1627832,VanVleet,F. VanVleet,-89,241,26,Made,1,79.0,86.0,165,v,VanVleet 26' 3PT Pullup Jump Shot (15 PTS) (Achiuwa 3 AST),Made Shot,Pullup Jump shot,1,285
22201068,397,PT03M17.00S,3,1610612761,TOR,1628384,Anunoby,O. Anunoby,0,0,0,,0,,,0,v,Anunoby S.FOUL (P2.T2) (N.Sago),Foul,Shooting,1,286
22201068,400,PT03M17.00S,3,0,,1610612749,,,0,0,0,,0,,,0,h,BUCKS Timeout: Regular (Full 5 Short 0),Timeout,Regular,0,287
22201068,401,PT03M17.00S,3,0,,397,Miller,R. Miller,0,0,0,,0,79.0,86.0,165,,Instant Replay3rd Period (9:34 PM EST),Instant Replay,Coach Challenge Overturn Ruling,1,288
22201068,402,PT03M17.00S,3,1610612749,MIL,203507,Antetokounmpo,G. Antetokounmpo,0,0,0,,0,80.0,86.0,166,h,Antetokounmpo Free Throw 1 of 2 (18 PTS),Free Throw,Free Throw 1 of 2,1,289
22201068,403,PT03M17.00S,3,1610612749,MIL,201950,Holiday,J. Holiday,0,0,0,,0,,,0,h,SUB: Carter FOR Holiday,Substitution,,0,290
22201068,404,PT03M17.00S,3,1610612761,TOR,1629018,Trent Jr.,G. Trent Jr.,0,0,0,,0,,,0,v,SUB: Barton FOR Trent Jr.,Substitution,,0,291
22201068,405,PT03M17.00S,3,1610612761,TOR,1627783,Siakam,P. Siakam,0,0,0,,0,,,0,v,SUB: Boucher FOR Siakam,Substitution,,0,292
22201068,409,PT03M17.00S,3,1610612749,MIL,203507,Antetokounmpo,G. Antetokounmpo,0,0,0,,0,,,0,h,MISS Antetokounmpo Free Throw 2 of 2,Free Throw,Free Throw 2 of 2,1,293
22201068,410,PT03M15.00S,3,1610612761,TOR,1628384,Anunoby,O. Anunoby,0,0,0,,0,,,0,v,Anunoby REBOUND (Off:1 Def:3),Rebound,Unknown,1,294
22201068,436,PT02M59.00S,3,1610612761,TOR,1627832,VanVleet,F. VanVleet,38,52,6,Missed,1,,,0,v,MISS VanVleet 6' Driving Layup,Missed Shot,Driving Layup Shot,1,295
22201068,436,PT02M59.00S,3,1610612749,MIL,1628975,Carter,J. Carter,0,0,0,,0,,,0,h,Carter BLOCK (1 BLK),,,1,296
22201068,438,PT02M57.00S,3,0,,1610612749,,,0,0,0,,0,,,0,h,BUCKS Rebound,Rebound,Unknown,0,297
22201068,412,PT02M47.00S,3,1610612749,MIL,203507,Antetokounmpo,G. Antetokounmpo,-44,100,11,Made,1,82.0,86.0,168,h,Antetokounmpo 11' Driving Floating Jump Shot (20 PTS) (Carter 2 AST),Made Shot,Driving Floating Jump Shot,1,298
22201068,413,PT02M20.00S,3,1610612761,TOR,1628384,Anunoby,O. Anunoby,132,237,27,Missed,1,,,0,v,MISS Anunoby 27' 3PT Step Back Jump Shot,Missed Shot,Step Back Jump shot,1,299
22201068,414,PT02M17.00S,3,1610612761,TOR,203115,Barton,W. Barton,0,0,0,,0,,,0,v,Barton REBOUND (Off:1 Def:0),Rebound,Unknown,1,300
22201068,415,PT02M13.00S,3,1610612761,TOR,1627832,VanVleet,F. VanVleet,-179,192,26,Made,1,82.0,89.0,171,v,VanVleet 26' 3PT Jump Shot (18 PTS) (Barton 2 AST),Made Shot,Jump Shot,1,301
22201068,417,PT02M00.00S,3,1610612749,MIL,1626192,Connaughton,P. Connaughton,130,252,28,Made,1,85.0,89.0,174,h,Connaughton 28' 3PT Jump Shot (8 PTS) (Antetokounmpo 7 AST),Made Shot,Jump Shot,1,302
22201068,419,PT01M56.00S,3,1610612749,MIL,1628975,Carter,J. Carter,0,0,0,,0,,,0,h,Carter P.FOUL (P1.T3) (N.Sago),Foul,Personal,1,303
22201068,422,PT01M41.00S,3,1610612761,TOR,1627832,VanVleet,F. VanVleet,0,0,0,,0,,,0,v,VanVleet Out of Bounds - Bad Pass Turnover Turnover (P2.T2),Turnover,Out of Bounds - Bad Pass Turnover,1,304
22201068,423,PT01M29.00S,3,1610612749,MIL,203507,Antetokounmpo,G. Antetokounmpo,0,0,0,,0,,,0,h,Antetokounmpo Out of Bounds - Bad Pass Turnover Turnover (P3.T10),Turnover,Out of Bounds - Bad Pass Turnover,1,305
22201068,424,PT01M02.00S,3,1610612761,TOR,1627832,VanVleet,F. VanVleet,-112,104,15,Made,1,85.0,91.0,176,v,VanVleet 15' Driving Floating Bank Jump Shot (20 PTS),Made Shot,Driving Floating Bank Jump Shot,1,306
22201068,425,PT00M47.90S,3,1610612749,MIL,1628975,Carter,J. Carter,-157,242,29,Missed,1,,,0,h,MISS Carter 29' 3PT Jump Shot,Missed Shot,Jump Shot,1,307
22201068,426,PT00M45.00S,3,1610612761,TOR,1630173,Achiuwa,P. Achiuwa,0,0,0,,0,,,0,v,Achiuwa REBOUND (Off:1 Def:4),Rebound,Unknown,1,308
22201068,427,PT00M34.50S,3,1610612749,MIL,204060,Ingles,J. Ingles,0,0,0,,0,,,0,h,Ingles P.FOUL (P2.PN) (Z.Zarba),Foul,Personal,1,309
22201068,429,PT00M34.50S,3,1610612761,TOR,1630173,Achiuwa,P. Achiuwa,0,0,0,,0,,,0,v,MISS Achiuwa Free Throw 1 of 2,Free Throw,Free Throw 1 of 2,1,310
22201068,430,PT00M34.50S,3,0,,1610612761,,,0,0,0,,0,,,0,v,Raptors Rebound,Rebound,Normal Rebound,0,311
22201068,431,PT00M34.50S,3,1610612749,MIL,1626171,Portis,B. Portis,0,0,0,,0,,,0,h,SUB: Middleton FOR Portis,Substitution,,0,312
22201068,433,PT00M34.50S,3,1610612761,TOR,1630173,Achiuwa,P. Achiuwa,0,0,0,,0,85.0,92.0,177,v,Achiuwa Free Throw 2 of 2 (5 PTS),Free Throw,Free Throw 2 of 2,1,313
22201068,434,PT00M26.90S,3,1610612749,MIL,203507,Antetokounmpo,G. Antetokounmpo,5,26,3,Made,1,87.0,92.0,179,h,Antetokounmpo 3' Driving Dunk (22 PTS) (Connaughton 2 AST),Made Shot,Driving Dunk Shot,1,314
22201068,439,PT00M10.10S,3,1610612761,TOR,203115,Barton,W. Barton,32,22,4,Missed,1,,,0,v,MISS Barton 4' Driving Floating Jump Shot,Missed Shot,Driving Floating Jump Shot,1,315
22201068,439,PT00M10.10S,3,1610612749,MIL,203507,Antetokounmpo,G. Antetokounmpo,0,0,0,,0,,,0,h,Antetokounmpo BLOCK (2 BLK),,,1,316
22201068,441,PT00M09.30S,3,1610612761,TOR,1628449,Boucher,C. Boucher,0,0,0,,0,,,0,v,Boucher REBOUND (Off:3 Def:0),Rebound,Unknown,1,317
22201068,442,PT00M08.30S,3,1610612761,TOR,1628449,Boucher,C. Boucher,0,0,0,Made,1,87.0,94.0,181,v,Boucher Putback Layup (4 PTS),Made Shot,Putback Layup Shot,1,318
22201068,443,PT00M08.30S,3,1610612749,MIL,204060,Ingles,J. Ingles,0,0,0,,0,,,0,h,Ingles S.FOUL (P3.PN) (N.Sago),Foul,Shooting,1,319
22201068,446,PT00M08.30S,3,1610612761,TOR,1628449,Boucher,C. Boucher,0,0,0,,0,87.0,95.0,182,v,Boucher Free Throw 1 of 1 (5 PTS),Free Throw,Free Throw 1 of 1,1,320
22201068,447,PT00M03.60S,3,1610612761,TOR,1628384,Anunoby,O. Anunoby,0,0,0,,0,,,0,v,Anunoby Personal Take Foul (P3.T3) (Z.Zarba),Foul,Personal Take,1,321
22201068,449,PT00M02.60S,3,1610612749,MIL,203114,Middleton,K. Middleton,-190,27,19,Made,1,89.0,95.0,184,h,Middleton 19' Turnaround Fadeaway (17 PTS) (Ingles 5 AST),Made Shot,Turnaround Fadeaway shot,1,322
22201068,452,PT00M00.20S,3,1610612761,TOR,203115,Barton,W. Barton,13,566,57,Missed,1,,,0,v,MISS Barton 57' 3PT Pullup Jump Shot,Missed Shot,Pullup Jump shot,1,323
22201068,453,PT00M00.10S,3,0,,1610612761,,,0,0,0,,0,,,0,v,Raptors Rebound,Rebound,Unknown,0,324
22201068,454,PT00M00.00S,3,0,,0,,,0,0,0,,0,89.0,95.0,184,,End of 3rd Period (9:43 PM EST),period,end,1,325
22201068,465,PT12M00.00S,4,0,,0,,,0,0,0,,0,89.0,95.0,184,,Start of 4th Period (9:46 PM EST),period,start,0,326
22201068,466,PT11M42.00S,4,1610612749,MIL,201572,Lopez,B. Lopez,-1,29,3,Made,1,91.0,95.0,186,h,Lopez 3' Alley Oop Layup (11 PTS) (Middleton 5 AST),Made Shot,Alley Oop Layup shot,1,327
22201068,468,PT11M42.00S,4,1610612761,TOR,1627783,Siakam,P. Siakam,0,0,0,,0,,,0,v,Siakam S.FOUL (P1.T1) (T.Maddox),Foul,Shooting,1,328
22201068,470,PT11M42.00S,4,1610612749,MIL,201572,Lopez,B. Lopez,0,0,0,,0,92.0,95.0,187,h,Lopez Free Throw 1 of 1 (12 PTS),Free Throw,Free Throw 1 of 1,1,329
22201068,471,PT11M23.00S,4,1610612761,TOR,1627783,Siakam,P. Siakam,0,0,0,,0,,,0,v,Siakam Traveling Turnover (P1.T3),Turnover,Traveling,1,330
22201068,472,PT11M10.00S,4,1610612749,MIL,1626171,Portis,B. Portis,227,14,0,Missed,1,,,0,h,MISS Portis 3PT Jump Shot,Missed Shot,Jump Shot,1,331
22201068,473,PT11M06.00S,4,1610612761,TOR,1627783,Siakam,P. Siakam,0,0,0,,0,,,0,v,Siakam REBOUND (Off:1 Def:8),Rebound,Unknown,1,332
22201068,474,PT11M02.00S,4,1610612761,TOR,1629018,Trent Jr.,G. Trent Jr.,188,213,28,Missed,1,,,0,v,MISS Trent Jr. 28' 3PT Running Jump Shot,Missed Shot,Running Jump Shot,1,333
22201068,475,PT10M59.00S,4,1610612749,MIL,1626171,Portis,B. Portis,0,0,0,,0,,,0,h,Portis REBOUND (Off:1 Def:6),Rebound,Unknown,1,334
22201068,476,PT10M53.00S,4,1610612749,MIL,201572,Lopez,B. Lopez,13,38,4,Made,1,94.0,95.0,189,h,Lopez 4' Driving Finger Roll Layup (14 PTS) (Carter 3 AST),Made Shot,Driving Finger Roll Layup Shot,1,335
22201068,478,PT10M53.00S,4,1610612761,TOR,1628449,Boucher,C. Boucher,0,0,0,,0,,,0,v,Boucher S.FOUL (P1.T2) (Z.Zarba),Foul,Shooting,1,336
22201068,480,PT10M53.00S,4,1610612749,MIL,201572,Lopez,B. Lopez,0,0,0,,0,95.0,95.0,190,h,Lopez Free Throw 1 of 1 (15 PTS),Free Throw,Free Throw 1 of 1,1,337
22201068,481,PT10M38.00S,4,1610612761,TOR,203115,Barton,W. Barton,6,148,15,Missed,1,,,0,v,MISS Barton 15' Pullup Jump Shot,Missed Shot,Pullup Jump shot,1,338
22201068,482,PT10M35.00S,4,1610612749,MIL,201572,Lopez,B. Lopez,0,0,0,,0,,,0,h,Lopez REBOUND (Off:0 Def:2),Rebound,Unknown,1,339
22201068,483,PT10M27.00S,4,1610612749,MIL,201572,Lopez,B. Lopez,-179,223,29,Missed,1,,,0,h,MISS Lopez 29' 3PT Jump Shot,Missed Shot,Jump Shot,1,340
22201068,484,PT10M24.00S,4,1610612749,MIL,201572,Lopez,B. Lopez,0,0,0,,0,,,0,h,Lopez REBOUND (Off:1 Def:2),Rebound,Unknown,1,341
22201068,486,PT10M15.00S,4,1610612749,MIL,201572,Lopez,B. Lopez,1,43,4,Made,1,97.0,95.0,192,h,Lopez 4' Driving Reverse Dunk Shot (17 PTS),Made Shot,Driving Reverse Dunk Shot,1,342
22201068,487,PT10M15.00S,4,0,,1610612761,,,0,0,0,,0,,,0,v,Raptors Timeout: Regular (Reg.4 Short 0),Timeout,Regular,0,343
22201068,488,PT10M15.00S,4,1610612761,TOR,1630173,Achiuwa,P. Achiuwa,0,0,0,,0,,,0,v,SUB: Poeltl FOR Achiuwa,Substitution,,0,344
22201068,490,PT09M55.00S,4,1610612761,TOR,1629018,Trent Jr.,G. Trent Jr.,-51,85,10,Missed,1,,,0,v,MISS Trent Jr. 10' Driving Layup,Missed Shot,Driving Layup Shot,1,345
22201068,490,PT09M55.00S,4,1610612749,MIL,201572,Lopez,B. Lopez,0,0,0,,0,,,0,h,Lopez BLOCK (2 BLK),,,1,346
22201068,492,PT09M55.00S,4,0,,1610612761,,,0,0,0,,0,,,0,v,Raptors Rebound,Rebound,Unknown,0,347
22201068,494,PT09M47.00S,4,1610612761,TOR,1629018,Trent Jr.,G. Trent Jr.,-205,13,21,Missed,1,,,0,v,MISS Trent Jr. 21' Step Back Jump Shot,Missed Shot,Step Back Jump shot,1,348
22201068,495,PT09M44.00S,4,1610612749,MIL,201572,Lopez,B. Lopez,0,0,0,,0,,,0,h,Lopez REBOUND (Off:1 Def:3),Rebound,Unknown,1,349
22201068,496,PT09M29.00S,4,1610612749,MIL,203114,Middleton,K. Middleton,-54,141,15,Made,1,99.0,95.0,194,h,Middleton 15' Pullup Jump Shot (19 PTS),Made Shot,Pullup Jump shot,1,350
22201068,497,PT09M12.00S,4,1610612761,TOR,1627751,Poeltl,J. Poeltl,58,116,13,Made,1,99.0,97.0,196,v,Poeltl 13' Driving Floating Jump Shot (14 PTS) (Siakam 4 AST),Made Shot,Driving Floating Jump Shot,1,351
22201068,499,PT09M01.00S,4,1610612749,MIL,1626171,Portis,B. Portis,-104,260,28,Missed,1,,,0,h,MISS Portis 28' 3PT Jump Shot,Missed Shot,Jump Shot,1,352
22201068,500,PT08M58.00S,4,1610612761,TOR,1627751,Poeltl,J. Poeltl,0,0,0,,0,,,0,v,Poeltl REBOUND (Off:1 Def:4),Rebound,Unknown,1,353
22201068,501,PT08M47.00S,4,1610612761,TOR,1627783,Siakam,P. Siakam,92,120,15,Missed,1,,,0,v,MISS Siakam 15' Pullup Jump Shot,Missed Shot,Pullup Jump shot,1,354
22201068,502,PT08M44.00S,4,1610612749,MIL,1626171,Portis,B. Portis,0,0,0,,0,,,0,h,Portis REBOUND (Off:1 Def:7),Rebound,Unknown,1,355
22201068,503,PT08M36.00S,4,1610612749,MIL,1626171,Portis,B. Portis,11,43,4,Made,1,101.0,97.0,198,h,Portis 4' Cutting Layup Shot (14 PTS) (Lopez 2 AST),Made Shot,Cutting Layup Shot,1,356
22201068,505,PT08M23.00S,4,1610612761,TOR,203115,Barton,W. Barton,0,0,0,,0,,,0,v,Barton Lost Ball Turnover (P1.T4),Turnover,Lost Ball,1,357
22201068,505,PT08M23.00S,4,1610612749,MIL,201572,Lopez,B. Lopez,0,0,0,,0,,,0,h,Lopez STEAL (1 STL),,,1,358
22201068,507,PT08M15.00S,4,1610612749,MIL,201572,Lopez,B. Lopez,-2,294,29,Missed,1,,,0,h,MISS Lopez 29' 3PT Running Jump Shot,Missed Shot,Running Jump Shot,1,359
22201068,508,PT08M10.00S,4,1610612761,TOR,1627783,Siakam,P. Siakam,0,0,0,,0,,,0,v,Siakam REBOUND (Off:1 Def:9),Rebound,Unknown,1,360
22201068,509,PT07M55.00S,4,1610612761,TOR,1629018,Trent Jr.,G. Trent Jr.,-12,19,2,Missed,1,,,0,v,MISS Trent Jr. 2' Driving Layup,Missed Shot,Driving Layup Shot,1,361
22201068,510,PT07M52.00S,4,1610612749,MIL,1628960,Allen,G. Allen,0,0,0,,0,,,0,h,Allen REBOUND (Off:0 Def:2),Rebound,Unknown,1,362
22201068,511,PT07M48.00S,4,1610612749,MIL,201572,Lopez,B. Lopez,0,0,0,,0,,,0,h,Lopez Out of Bounds - Bad Pass Turnover Turnover (P1.T11),Turnover,Out of Bounds - Bad Pass Turnover,1,363
22201068,513,PT07M48.00S,4,1610612761,TOR,1628449,Boucher,C. Boucher,0,0,0,,0,,,0,v,SUB: Anunoby FOR Boucher,Substitution,,0,364
22201068,516,PT07M34.00S,4,1610612761,TOR,203115,Barton,W. Barton,88,136,16,Missed,1,,,0,v,MISS Barton 16' Pullup Jump Shot,Missed Shot,Pullup Jump shot,1,365
22201068,517,PT07M27.00S,4,1610612749,MIL,1626171,Portis,B. Portis,0,0,0,,0,,,0,h,Portis REBOUND (Off:1 Def:8),Rebound,Unknown,1,366
22201068,518,PT07M07.00S,4,1610612749,MIL,1628975,Carter,J. Carter,-237,86,25,Missed,1,,,0,h,MISS Carter 25' 3PT Turnaround Jump Shot,Missed Shot,Turnaround Jump Shot,1,367
22201068,519,PT07M04.00S,4,1610612761,TOR,203115,Barton,W. Barton,0,0,0,,0,,,0,v,Barton REBOUND (Off:1 Def:1),Rebound,Unknown,1,368
22201068,520,PT06M54.00S,4,1610612761,TOR,1627751,Poeltl,J. Poeltl,96,6,10,Missed,1,,,0,v,MISS Poeltl 10' Floating Jump Shot,Missed Shot,Floating Jump shot,1,369
22201068,521,PT06M51.00S,4,1610612749,MIL,203114,Middleton,K. Middleton,0,0,0,,0,,,0,h,Middleton REBOUND (Off:2 Def:5),Rebound,Unknown,1,370
22201068,522,PT06M48.00S,4,1610612761,TOR,1627751,Poeltl,J. Poeltl,0,0,0,,0,,,0,v,Poeltl S.FOUL (P2.T3) (T.Maddox),Foul,Shooting,1,371
22201068,524,PT06M48.00S,4,1610612749,MIL,201572,Lopez,B. Lopez,0,0,0,,0,102.0,97.0,199,h,Lopez Free Throw 1 of 2 (18 PTS),Free Throw,Free Throw 1 of 2,1,372
22201068,525,PT06M48.00S,4,1610612749,MIL,1626171,Portis,B. Portis,0,0,0,,0,,,0,h,SUB: Holiday FOR Portis,Substitution,,0,373
22201068,526,PT06M48.00S,4,1610612749,MIL,1628960,Allen,G. Allen,0,0,0,,0,,,0,h,SUB: Antetokounmpo FOR Allen,Substitution,,0,374
22201068,527,PT06M48.00S,4,1610612761,TOR,203115,Barton,W. Barton,0,0,0,,0,,,0,v,SUB: VanVleet FOR Barton,Substitution,,0,375
22201068,531,PT06M48.00S,4,1610612749,MIL,201572,Lopez,B. Lopez,0,0,0,,0,103.0,97.0,200,h,Lopez Free Throw 2 of 2 (19 PTS),Free Throw,Free Throw 2 of 2,1,376
22201068,532,PT06M28.00S,4,1610612761,TOR,1627832,VanVleet,F. VanVleet,16,156,16,Missed,1,,,0,v,MISS VanVleet 16' Pullup Jump Shot,Missed Shot,Pullup Jump shot,1,377
22201068,533,PT06M25.00S,4,1610612749,MIL,203114,Middleton,K. Middleton,0,0,0,,0,,,0,h,Middleton REBOUND (Off:2 Def:6),Rebound,Unknown,1,378
22201068,534,PT06M18.00S,4,1610612749,MIL,201950,Holiday,J. Holiday,98,263,28,Missed,1,,,0,h,MISS Holiday 28' 3PT Jump Shot,Missed Shot,Jump Shot,1,379
22201068,535,PT06M16.00S,4,1610612749,MIL,201950,Holiday,J. Holiday,0,0,0,,0,,,0,h,Holiday REBOUND (Off:1 Def:0),Rebound,Unknown,1,380
22201068,536,PT06M13.00S,4,1610612749,MIL,201950,Holiday,J. Holiday,0,0,0,,0,,,0,h,Holiday Lost Ball Turnover (P3.T12),Turnover,Lost Ball,1,381
22201068,536,PT06M13.00S,4,1610612761,TOR,1627832,VanVleet,F. VanVleet,0,0,0,,0,,,0,v,VanVleet STEAL (1 STL),,,1,382
22201068,538,PT05M59.00S,4,1610612761,TOR,1627832,VanVleet,F. VanVleet,234,19,0,Missed,1,,,0,v,MISS VanVleet 3PT Jump Shot,Missed Shot,Jump Shot,1,383
22201068,539,PT05M58.00S,4,0,,1610612761,,,0,0,0,,0,,,0,v,Raptors Rebound,Rebound,Unknown,1,384
22201068,540,PT05M58.00S,4,1610612749,MIL,1628975,Carter,J. Carter,0,0,0,,0,,,0,h,Carter L.B.FOUL (P2.T1) (T.Maddox),Foul,Loose Ball,1,385
22201068,542,PT05M58.00S,4,1610612749,MIL,1628975,Carter,J. Carter,0,0,0,,0,,,0,h,SUB: Ingles FOR Carter,Substitution,,0,386
22201068,544,PT05M47.00S,4,1610612761,TOR,1627832,VanVleet,F. VanVleet,0,0,0,,0,,,0,v,VanVleet Bad Pass Turnover (P3.T5),Turnover,Bad Pass,1,387
22201068,544,PT05M47.00S,4,1610612749,MIL,204060,Ingles,J. Ingles,0,0,0,,0,,,0,h,Ingles STEAL (1 STL),,,1,388
22201068,546,PT05M40.00S,4,1610612761,TOR,1627751,Poeltl,J. Poeltl,0,0,0,,0,,,0,v,Poeltl S.FOUL (P3.T4) (T.Maddox),Foul,Shooting,1,389
22201068,548,PT05M40.00S,4,1610612749,MIL,203114,Middleton,K. Middleton,0,0,0,,0,,,0,h,MISS Middleton Free Throw 1 of 2,Free Throw,Free Throw 1 of 2,1,390
22201068,549,PT05M40.00S,4,0,,1610612749,,,0,0,0,,0,,,0,h,BUCKS Rebound,Rebound,Normal Rebound,0,391
22201068,550,PT05M40.00S,4,1610612749,MIL,203114,Middleton,K. Middleton,0,0,0,,0,104.0,97.0,201,h,Middleton Free Throw 2 of 2 (20 PTS),Free Throw,Free Throw 2 of 2,1,392
22201068,551,PT05M21.00S,4,1610612761,TOR,1628384,Anunoby,O. Anunoby,230,73,24,Made,1,104.0,100.0,204,v,Anunoby 24' 3PT Jump Shot (20 PTS) (Siakam 5 AST),Made Shot,Jump Shot,1,393
22201068,553,PT05M01.00S,4,1610612749,MIL,203114,Middleton,K. Middleton,23,42,5,Missed,1,,,0,h,MISS Middleton 5' Driving Layup,Missed Shot,Driving Layup Shot,1,394
22201068,554,PT04M58.00S,4,1610612761,TOR,1627783,Siakam,P. Siakam,0,0,0,,0,,,0,v,Siakam REBOUND (Off:1 Def:10),Rebound,Unknown,1,395
22201068,555,PT04M53.00S,4,1610612761,TOR,1627751,Poeltl,J. Poeltl,6,-1,1,Made,1,104.0,102.0,206,v,Poeltl 1' Cutting Layup Shot (16 PTS) (VanVleet 11 AST),Made Shot,Cutting Layup Shot,1,396
22201068,557,PT04M30.00S,4,1610612749,MIL,201572,Lopez,B. Lopez,230,137,27,Missed,1,,,0,h,MISS Lopez 27' 3PT Jump Shot,Missed Shot,Jump Shot,1,397
22201068,558,PT04M26.00S,4,1610612761,TOR,1627832,VanVleet,F. VanVleet,0,0,0,,0,,,0,v,VanVleet REBOUND (Off:0 Def:4),Rebound,Unknown,1,398
22201068,559,PT04M15.00S,4,1610612761,TOR,1627832,VanVleet,F. VanVleet,-22,37,4,Missed,1,,,0,v,MISS VanVleet 4' Driving Finger Roll Layup,Missed Shot,Driving Finger Roll Layup Shot,1,399
22201068,560,PT04M13.00S,4,1610612761,TOR,1629018,Trent Jr.,G. Trent Jr.,0,0,0,,0,,,0,v,Trent Jr. REBOUND (Off:1 Def:2),Rebound,Unknown,1,400
22201068,561,PT04M13.00S,4,1610612749,MIL,203114,Middleton,K. Middleton,0,0,0,,0,,,0,h,Middleton P.FOUL (P3.T2) (N.Sago),Foul,Personal,1,401
22201068,563,PT04M13.00S,4,0,,1610612761,,,0,0,0,,0,,,0,v,Raptors Timeout: Regular (Reg.5 Short 0),Timeout,Regular,0,402
22201068,564,PT04M13.00S,4,1610612749,MIL,203114,Middleton,K. Middleton,0,0,0,,0,,,0,h,SUB: Carter FOR Middleton,Substitution,,0,403
22201068,565,PT04M13.00S,4,1610612749,MIL,204060,Ingles,J. Ingles,0,0,0,,0,,,0,h,SUB: Allen FOR Ingles,Substitution,,0,404
22201068,568,PT04M02.00S,4,1610612761,TOR,1629018,Trent Jr.,G. Trent Jr.,-18,145,15,Missed,1,,,0,v,MISS Trent Jr. 15' Pullup Jump Shot,Missed Shot,Pullup Jump shot,1,405
22201068,569,PT03M59.00S,4,1610612749,MIL,203507,Antetokounmpo,G. Antetokounmpo,0,0,0,,0,,,0,h,Antetokounmpo REBOUND (Off:1 Def:10),Rebound,Unknown,1,406
22201068,570,PT03M46.00S,4,1610612749,MIL,201572,Lopez,B. Lopez,23,68,7,Made,1,106.0,102.0,208,h,Lopez 7' Driving Floating Jump Shot (21 PTS) (Antetokounmpo 8 AST),Made Shot,Driving Floating Jump Shot,1,407
22201068,572,PT03M46.00S,4,1610612761,TOR,1627751,Poeltl,J. Poeltl,0,0,0,,0,,,0,v,Poeltl S.FOUL (P4.PN) (N.Sago),Foul,Shooting,1,408
22201068,574,PT03M46.00S,4,1610612749,MIL,201572,Lopez,B. Lopez,0,0,0,,0,107.0,102.0,209,h,Lopez Free Throw 1 of 1 (22 PTS),Free Throw,Free Throw 1 of 1,1,409
22201068,575,PT03M32.00S,4,1610612761,TOR,1627751,Poeltl,J. Poeltl,-2,3,0,Missed,1,,,0,v,MISS Poeltl Cutting Layup Shot,Missed Shot,Cutting Layup Shot,1,410
22201068,576,PT03M29.00S,4,1610612749,MIL,201572,Lopez,B. Lopez,0,0,0,,0,,,0,h,Lopez REBOUND (Off:1 Def:4),Rebound,Unknown,1,411
22201068,577,PT03M24.00S,4,1610612749,MIL,1628975,Carter,J. Carter,-210,200,29,Missed,1,,,0,h,MISS Carter 29' 3PT Running Pull-Up Jump Shot,Missed Shot,Running Pull-Up Jump Shot,1,412
22201068,578,PT03M20.00S,4,1610612761,TOR,1627751,Poeltl,J. Poeltl,0,0,0,,0,,,0,v,Poeltl REBOUND (Off:1 Def:5),Rebound,Unknown,1,413
22201068,579,PT02M59.00S,4,1610612761,TOR,1627832,VanVleet,F. VanVleet,45,272,28,Made,1,107.0,105.0,212,v,VanVleet 28' 3PT Step Back Jump Shot (23 PTS),Made Shot,Step Back Jump shot,1,414
22201068,580,PT02M32.00S,4,1610612749,MIL,1628975,Carter,J. Carter,-230,-3,0,Made,1,110.0,105.0,215,h,Carter 3PT Jump Shot (9 PTS) (Antetokounmpo 9 AST),Made Shot,Jump Shot,1,415
22201068,582,PT02M13.00S,4,1610612761,TOR,1627751,Poeltl,J. Poeltl,0,3,0,Made,1,110.0,107.0,217,v,Poeltl Cutting Dunk Shot (18 PTS) (Siakam 6 AST),Made Shot,Cutting Dunk Shot,1,416
22201068,584,PT01M50.00S,4,1610612749,MIL,201572,Lopez,B. Lopez,-7,39,4,Made,1,112.0,107.0,219,h,Lopez 4' Cutting Layup Shot (24 PTS) (Antetokounmpo 10 AST),Made Shot,Cutting Layup Shot,1,417
22201068,586,PT01M39.00S,4,1610612761,TOR,1627751,Poeltl,J. Poeltl,-4,14,1,Missed,1,,,0,v,MISS Poeltl 1' Cutting Layup Shot,Missed Shot,Cutting Layup Shot,1,418
22201068,586,PT01M39.00S,4,1610612749,MIL,1628960,Allen,G. Allen,0,0,0,,0,,,0,h,Allen BLOCK (1 BLK),,,1,419
22201068,588,PT01M39.00S,4,0,,1610612761,,,0,0,0,,0,,,0,v,Raptors Rebound,Rebound,Unknown,0,420
22201068,590,PT01M39.00S,4,1610612749,MIL,1628960,Allen,G. Allen,0,0,0,,0,,,0,h,SUB: Middleton FOR Allen,Substitution,,0,421
22201068,592,PT01M33.00S,4,1610612761,TOR,1627832,VanVleet,F. VanVleet,-45,84,10,Missed,1,,,0,v,MISS VanVleet 10' Fadeaway Jumper,Missed Shot,Fadeaway Jump Shot,1,422
22201068,593,PT01M33.00S,4,0,,1610612761,,,0,0,0,,0,,,0,v,Raptors Rebound,Rebound,Unknown,0,423
22201068,595,PT01M31.00S,4,1610612761,TOR,1627832,VanVleet,F. VanVleet,0,0,0,,0,,,0,v,VanVleet Bad Pass Turnover (P4.T6),Turnover,Bad Pass,1,424
22201068,595,PT01M31.00S,4,1610612749,MIL,201950,Holiday,J. Holiday,0,0,0,,0,,,0,h,Holiday STEAL (1 STL),,,1,425
22201068,597,PT01M29.00S,4,1610612761,TOR,1627832,VanVleet,F. VanVleet,0,0,0,,0,,,0,v,VanVleet P.FOUL (P3.PN) (N.Sago),Foul,Personal,1,426
22201068,599,PT01M29.00S,4,1610612749,MIL,201950,Holiday,J. Holiday,0,0,0,,0,113.0,107.0,220,h,Holiday Free Throw 1 of 2 (8 PTS),Free Throw,Free Throw 1 of 2,1,427
22201068,600,PT01M29.00S,4,1610612749,MIL,201950,Holiday,J. Holiday,0,0,0,,0,114.0,107.0,221,h,Holiday Free Throw 2 of 2 (9 PTS),Free Throw,Free Throw 2 of 2,1,428
22201068,601,PT01M19.00S,4,1610612761,TOR,1627751,Poeltl,J. Poeltl,2,4,0,Made,1,114.0,109.0,223,v,Poeltl Cutting Layup Shot (20 PTS) (Siakam 7 AST),Made Shot,Cutting Layup Shot,1,429
22201068,603,PT01M03.00S,4,1610612749,MIL,1628975,Carter,J. Carter,-239,4,24,Missed,1,,,0,h,MISS Carter 24' 3PT Jump Shot,Missed Shot,Jump Shot,1,430
22201068,604,PT00M58.90S,4,1610612761,TOR,1627783,Siakam,P. Siakam,0,0,0,,0,,,0,v,Siakam REBOUND (Off:1 Def:11),Rebound,Unknown,1,431
22201068,605,PT00M57.60S,4,1610612761,TOR,1627832,VanVleet,F. VanVleet,20,16,3,Missed,1,,,0,v,MISS VanVleet 3' Driving Finger Roll Layup,Missed Shot,Driving Finger Roll Layup Shot,1,432
22201068,607,PT00M55.30S,4,0,,1610612761,,,0,0,0,,0,,,0,v,Raptors Rebound,Rebound,Unknown,0,433
22201068,608,PT00M55.30S,4,1610612749,MIL,201572,Lopez,B. Lopez,0,0,0,,0,,,0,h,Lopez L.B.FOUL (P2.T3) (N.Sago),Foul,Loose Ball,1,434
22201068,610,PT00M45.50S,4,1610612761,TOR,1627751,Poeltl,J. Poeltl,0,0,0,,0,,,0,v,Poeltl Out of Bounds Lost Ball Turnover (P1.T7),Turnover,Out of Bounds Lost Ball Turnover,1,435
22201068,612,PT00M45.50S,4,1610612749,MIL,1628975,Carter,J. Carter,0,0,0,,0,,,0,h,SUB: Allen FOR Carter,Substitution,,0,436
22201068,614,PT00M32.50S,4,1610612761,TOR,1627751,Poeltl,J. Poeltl,0,0,0,,0,,,0,v,Poeltl S.FOUL (P5.PN) (T.Maddox),Foul,Shooting,1,437
22201068,616,PT00M32.50S,4,0,,1610612761,,,0,0,0,,0,,,0,v,Raptors Timeout: Regular (Reg.6 Short 0),Timeout,Regular,0,438
22201068,617,PT00M32.50S,4,0,,614,,,0,0,0,,0,114.0,109.0,223,,Instant Replay4th Period (10:12 PM EST),Instant Replay,Coach Challenge Ruling Stands,1,439
22201068,620,PT00M32.50S,4,1610612749,MIL,201950,Holiday,J. Holiday,0,0,0,,0,115.0,109.0,224,h,Holiday Free Throw 1 of 2 (10 PTS),Free Throw,Free Throw 1 of 2,1,440
22201068,621,PT00M32.50S,4,1610612749,MIL,201950,Holiday,J. Holiday,0,0,0,,0,116.0,109.0,225,h,Holiday Free Throw 2 of 2 (11 PTS),Free Throw,Free Throw 2 of 2,1,441
22201068,618,PT00M32.50S,4,1610612749,MIL,1628960,Allen,G. Allen,0,0,0,,0,,,0,h,SUB: Carter FOR Allen,Substitution,,0,442
22201068,622,PT00M20.40S,4,1610612749,MIL,201572,Lopez,B. Lopez,0,0,0,,0,,,0,h,Lopez S.FOUL (P3.PN) (T.Maddox),Foul,Shooting,1,443
22201068,624,PT00M20.40S,4,1610612761,TOR,1628384,Anunoby,O. Anunoby,0,0,0,,0,116.0,110.0,226,v,Anunoby Free Throw 1 of 2 (21 PTS),Free Throw,Free Throw 1 of 2,1,444
22201068,625,PT00M20.40S,4,1610612761,TOR,1628384,Anunoby,O. Anunoby,0,0,0,,0,116.0,111.0,227,v,Anunoby Free Throw 2 of 2 (22 PTS),Free Throw,Free Throw 2 of 2,1,445
22201068,626,PT00M12.80S,4,1610612761,TOR,1627832,VanVleet,F. VanVleet,0,0,0,,0,,,0,v,VanVleet Personal Take Foul (P4.PN) (Z.Zarba),Foul,Personal Take,1,446
22201068,628,PT00M12.80S,4,1610612749,MIL,201572,Lopez,B. Lopez,0,0,0,,0,117.0,111.0,228,h,Lopez Free Throw 1 of 2 (25 PTS),Free Throw,Free Throw 1 of 2,1,447
22201068,629,PT00M12.80S,4,1610612749,MIL,201572,Lopez,B. Lopez,0,0,0,,0,118.0,111.0,229,h,Lopez Free Throw 2 of 2 (26 PTS),Free Throw,Free Throw 2 of 2,1,448
22201068,630,PT00M12.80S,4,0,,1610612761,,,0,0,0,,0,,,0,v,Raptors Timeout: Regular (Reg.7 Short 0),Timeout,Regular,0,449
22201068,631,PT00M10.30S,4,1610612761,TOR,1629018,Trent Jr.,G. Trent Jr.,236,6,24,Missed,1,,,0,v,MISS Trent Jr. 24' 3PT Jump Shot,Missed Shot,Jump Shot,1,450
22201068,632,PT00M10.30S,4,0,,1610612761,,,0,0,0,,0,,,0,v,Raptors Rebound,Rebound,Unknown,0,451
22201068,633,PT00M06.50S,4,1610612749,MIL,201572,Lopez,B. Lopez,0,0,0,,0,,,0,h,Jump Ball Lopez vs. Poeltl: Tip to VanVleet,Jump Ball,,0,452
22201068,636,PT00M02.60S,4,1610612761,TOR,1627832,VanVleet,F. VanVleet,119,218,25,Missed,1,,,0,v,MISS VanVleet 25' 3PT Pullup Jump Shot,Missed Shot,Pullup Jump shot,1,453
22201068,637,PT00M02.60S,4,1610612749,MIL,203507,Antetokounmpo,G. Antetokounmpo,0,0,0,,0,,,0,h,Antetokounmpo REBOUND (Off:1 Def:11),Rebound,Unknown,1,454
22201068,638,PT00M00.00S,4,0,,0,,,0,0,0,,0,118.0,111.0,229,,End of 4th Period (10:19 PM EST),period,end,1,455
